1.0 3.77171893311 1.12718793705 7.38607462328 0.153081289105 10.0 5.0 
1.0 1.4851400812 4.62264208995 15.4801728465 0.252938162384 10.0 5.0 
1.0 3.33821697386 0.930862735728 16.3511806824 0.0554641380582 10.0 5.0 
1.0 7.2211828693 5.54159859427 18.1572848566 1.59541313388 10.0 5.0 
1.0 4.29715258442 1.98387032231 0.487630401475 1.63408811004 10.0 5.0 
1.0 7.7097811866 0.377029728551 5.85360357419 0.082933984439 10.0 5.0 
1.0 2.49729522861 1.87923202115 16.4055302601 0.13967275153 10.0 5.0 
1.0 7.58042801342 3.68051454439 9.57498486361 1.2795243016 10.0 5.0 
1.0 5.33502362951 4.56271155559 11.7435404054 1.24650319895 10.0 5.0 
1.0 3.48006336197 6.25399199935 10.7849073119 1.3927251266 10.0 5.0 
1.0 6.58848652436 4.95834430269 21.1457799182 1.0757973866 10.0 5.0 
1.0 3.52568267317 3.00977953185 14.8685889026 0.3926133916 10.0 5.0 
1.0 7.11531350944 2.66639677188 28.8617820929 0.509978804408 10.0 5.0 
1.0 6.68425693221 5.43290067093 16.0918809555 1.45558103693 10.0 5.0 
1.0 8.7431963078 2.13110038517 15.1008236513 0.7071624153 10.0 5.0 
1.0 9.2227288505 2.09810308357 2.70723094765 1.57061058438 10.0 5.0 
1.0 3.27153585262 3.57714178584 16.5118810693 0.466859144749 10.0 5.0 
1.0 1.73721386088 6.86064596146 17.4298915889 0.326893841279 10.0 5.0 
1.0 4.2195761728 2.75351029352 14.9113534902 0.406554517058 10.0 5.0 
1.0 4.21067631805 1.90228691058 12.1968504974 0.248928888945 10.0 5.0 
1.0 4.59691671314 2.06175575859 24.5836494561 0.17562341567 10.0 5.0 
1.0 3.68761106292 3.26698133135 6.90683473131 1.07877034477 10.0 5.0 
1.0 8.68843110292 4.30311937395 11.6789731772 1.6453079955 10.0 5.0 
1.0 3.11055933913 2.2876135279 26.3458504144 0.197645010744 10.0 5.0 
1.0 4.25317335383 3.13359014006 13.8550567147 0.577376043958 10.0 5.0 
1.0 9.78568534291 2.35268902451 17.224784492 0.71115119189 10.0 5.0 
1.0 5.33283315574 3.97652615363 11.6097113128 1.05905674954 10.0 5.0 
1.0 8.92850322451 4.90590418039 18.9653822602 1.24264320073 10.0 5.0 
1.0 3.85158583698 3.69262422412 24.3503460106 0.282256410675 10.0 5.0 
1.0 8.17761573015 2.16805214003 16.1167766471 0.682913575617 10.0 5.0 
1.0 9.06077145201 1.4683596659 0.727197883964 1.40097937941 10.0 5.0 
1.0 6.97239242637 1.80386923854 11.2356382062 0.562104334419 10.0 5.0 
1.0 6.01783916512 4.81649923694 14.6377853032 1.40810067329 10.0 5.0 
1.0 7.62938084094 1.4066352197 6.35644219733 0.759428152148 10.0 5.0 
1.0 9.42666552072 2.04846937493 20.675954616 0.470587174595 10.0 5.0 
1.0 4.50186078733 1.0088727877 15.8473592589 0.0327338050494 10.0 5.0 
1.0 2.58724808781 2.97059713224 14.5480153554 0.276297623635 10.0 5.0 
1.0 4.83083988489 3.22708969691 5.08678111178 1.37669078022 10.0 5.0 
1.0 5.31948612105 2.88827070803 19.7409767078 0.428666334441 10.0 5.0 
1.0 6.08962651479 1.55281033142 20.2735026143 0.259963850146 10.0 5.0 
1.0 5.19284331209 3.67509997211 2.27563745243 2.35826987786 10.0 5.0 
1.0 3.79003790915 1.43457882335 11.4950783033 0.230016426035 10.0 5.0 
