0.00289487736152
0.0052117693518
0.0024998231557
0.00320984838905
0.0130873572293
0.0074245342212
0.00258854497952
0.00245474491822
0.00205225910646
0.00454071721142
0.00291209570588
0.00227990974581
0.00351279675225
0.00268245834514
0.00281690732531
0.00890836955073
0.00264422033365
0.0337931978777
0.00215970781167
0.00223735474676
0.0030402397124
0.0022325087928
0.00489447403673
0.00386023825257
0.00211209306606
0.00430024879597
0.00251473158449
0.00481461098015
0.00327775756127
0.002784259697
0.00783597080583
0.00221335145737
0.00198264252012
0.00471986140291
0.00426704348219
0.00227739005928
0.00280327465887
0.00305307726146
0.00270390871017
0.00311894791067
0.00474864829852
0.00243681302383
