1.0 8.46561485357 0.796454770091 15.1573827037 1.95859513161 10.0 5.0 
1.0 1.62298598502 7.00752346607 28.9365324027 15.0002508351 10.0 5.0 
1.0 8.61510809483 4.46457316542 19.3872369048 25.5795862263 10.0 5.0 
1.0 1.24413422981 6.06354423167 14.6071549877 10.5311435397 10.0 5.0 
1.0 4.03586892615 0.367497738566 18.3268035058 6.67211971074 10.0 5.0 
1.0 9.38286915204 7.41497369343 14.950480061 25.5235912788 10.0 5.0 
1.0 1.75168053498 4.16873115397 17.7417759866 4.41301461418 10.0 5.0 
1.0 1.50657359698 2.49159383393 4.41016330279 25.7389212963 10.0 5.0 
1.0 6.47726098244 3.66100850179 7.2523320044 3.42748636199 10.0 5.0 
1.0 3.43299957958 3.60141631425 9.05478967533 26.7690454939 10.0 5.0 
1.0 5.78432586316 0.150863516148 18.1429168739 21.6538014609 10.0 5.0 
1.0 9.74809264311 2.02052676643 15.7808515209 2.65524131783 10.0 5.0 
1.0 5.41135637284 0.717186061946 4.84157020906 22.6571789512 10.0 5.0 
1.0 3.72126965621 4.29628633161 19.9714421969 11.1154029739 10.0 5.0 
1.0 3.17733059488 0.925520436928 15.5768703025 7.00311309712 10.0 5.0 
1.0 4.37385304099 4.14062032896 18.3553628748 1.57487825279 10.0 5.0 
1.0 1.2203178439 3.20344828505 20.6269265993 11.6052066486 10.0 5.0 
1.0 7.96534360545 4.38837034725 21.1234761276 12.6472890248 10.0 5.0 
1.0 4.83843436277 0.393142226938 15.9268573796 18.3944354631 10.0 5.0 
1.0 0.408578277536 2.3219627987 25.5497308378 10.4755341522 10.0 5.0 
1.0 2.61339507044 2.9361956749 19.0474814247 23.2127220852 10.0 5.0 
1.0 2.45272307155 8.57352732744 16.3933744916 24.5398588688 10.0 5.0 
1.0 1.8637792243 9.59381083039 6.49648121751 9.05332155013 10.0 5.0 
1.0 8.7658740982 4.11720382838 8.31831824259 3.27852028672 10.0 5.0 
1.0 1.9238528967 7.65808800541 25.1196366937 25.4215056867 10.0 5.0 
1.0 2.36472107848 9.99766144939 12.5676241704 8.62055148769 10.0 5.0 
1.0 8.7207554481 2.37516619665 17.0674066107 12.4397519747 10.0 5.0 
1.0 1.05620503158 4.36749309637 29.1006878168 4.9898037102 10.0 5.0 
1.0 1.72808626154 2.16521719387 7.03235956822 3.50539125704 10.0 5.0 
1.0 5.23291840654 3.56260432865 23.3720978075 1.11177420679 10.0 5.0 
1.0 6.83240624705 9.74507389034 24.8028799063 11.6685282655 10.0 5.0 
1.0 0.364743145438 5.25829981521 4.92415801588 5.54215156725 10.0 5.0 
1.0 6.80223855103 9.57531166861 14.1906238003 23.1286299509 10.0 5.0 
1.0 1.4617094264 2.70501565393 18.3122615388 20.5297868489 10.0 5.0 
1.0 5.90079610531 5.13613440232 16.219651897 2.98866876914 10.0 5.0 
1.0 2.17076242873 0.822979894555 12.6376782586 14.7427350467 10.0 5.0 
1.0 0.333456726194 0.313482292993 2.41625287646 8.01033307502 10.0 5.0 
1.0 6.74860773 0.904109113088 28.3088632342 28.9339424688 10.0 5.0 
1.0 7.28565326965 7.16645150301 16.0844733364 23.0273144486 10.0 5.0 
1.0 4.38091956594 2.33935520859 6.44815262214 10.6156501163 10.0 5.0 
1.0 9.60810630244 9.13448466319 7.22323532943 24.0862758188 10.0 5.0 
1.0 0.633674987679 5.81987096141 28.443836411 11.5261384663 10.0 5.0 
1.0 9.31819996605 6.74313937411 18.6679983644 11.433148635 10.0 5.0 
1.0 5.26612770479 6.38844893023 21.9142843357 5.14928577502 10.0 5.0 
1.0 8.28327252766 6.36577092582 10.7119180695 28.6041377664 10.0 5.0 
1.0 0.653156401753 1.11103755734 27.5778919434 23.8575134235 10.0 5.0 
1.0 6.67863382832 1.83041672284 9.53528402733 1.15161689808 10.0 5.0 
1.0 5.18803900436 9.13808557562 2.44548309644 20.9523243135 10.0 5.0 
1.0 7.73540511246 8.50795639658 27.3735696473 18.1752014507 10.0 5.0 
1.0 4.97093002737 4.62538114345 5.54654222901 11.355795973 10.0 5.0 
