1.0 25.3790484619 2.12805188752 10.3660418228 2.55817937582 1.0 10.0 5.0 0.0 
1.0 16.700756232 0.941927378285 9.04350887279 4.86702286084 1.0 10.0 5.0 0.0 
1.0 29.8242182319 7.27324389763 24.9002074279 1.10229887017 1.0 10.0 5.0 0.0 
1.0 29.3582994289 0.7450711159 12.5219914261 4.69193068719 1.0 10.0 5.0 0.0 
1.0 7.26213994798 0.852066383434 17.5247734842 6.50799206201 1.0 10.0 5.0 0.0 
1.0 38.8419926816 4.80763275126 18.7114924667 2.61317872514 1.0 10.0 5.0 0.0 
1.0 7.4745664245 1.47031971847 22.2733366208 4.28268268678 1.0 10.0 5.0 0.0 
1.0 8.37893774732 1.53876620889 5.32742054487 1.71065156548 1.0 10.0 5.0 0.0 
1.0 16.1149004341 6.89803708635 40.6438194136 0.594993565041 1.0 10.0 5.0 0.0 
1.0 6.900758021 2.90452495222 46.3572955081 1.7055076975 1.0 10.0 5.0 0.0 
1.0 25.1136793626 7.51747893286 38.4122819968 0.959123416799 1.0 10.0 5.0 0.0 
1.0 11.5128999846 7.00633247477 26.5464235297 0.934879779327 1.0 10.0 5.0 0.0 
1.0 47.7131325661 6.3199283086 14.1065788342 0.672277424205 1.0 10.0 5.0 0.0 
1.0 29.5581354244 4.14452819782 8.21097061428 1.43458445516 1.0 10.0 5.0 0.0 
1.0 18.9145244661 7.02396635613 26.5699425786 1.10871889819 1.0 10.0 5.0 0.0 
1.0 5.74686514077 1.75192714101 26.8811556589 3.21839404873 1.0 10.0 5.0 0.0 
1.0 12.9568579619 1.69265788604 19.8636236344 4.33955668348 1.0 10.0 5.0 0.0 
1.0 18.607819826 8.06254308559 36.6286150678 3.00298136933 1.0 10.0 5.0 0.0 
1.0 11.3115440321 2.68541097694 19.9614447488 4.46409679254 1.0 10.0 5.0 0.0 
1.0 16.2704451371 4.58327805952 32.0700088195 1.69388918317 1.0 10.0 5.0 0.0 
1.0 25.9402527178 2.99669117417 14.2055462968 2.12843503147 1.0 10.0 5.0 0.0 
1.0 13.964799253 5.80404087891 26.0008305315 2.02698564462 1.0 10.0 5.0 0.0 
1.0 26.0508895983 8.00135798302 16.9301248636 0.763185902858 1.0 10.0 5.0 0.0 
1.0 32.8895709519 7.81282399415 19.042893545 0.667576008682 1.0 10.0 5.0 0.0 
1.0 31.3699530806 8.21566117455 12.6866217328 0.486295658043 1.0 10.0 5.0 0.0 
1.0 10.4411301232 8.58061434593 40.5757544325 0.889308313544 1.0 10.0 5.0 0.0 
1.0 10.3166107356 5.11462131854 44.1764192166 1.61992596148 1.0 10.0 5.0 0.0 
1.0 28.0627373316 9.00781724589 24.0500619088 0.342153864031 1.0 10.0 5.0 0.0 
1.0 39.5673766704 8.21273665322 19.6448737028 1.27242594003 1.0 10.0 5.0 0.0 
1.0 14.9394342224 5.16178150466 41.015749664 2.87418561806 1.0 10.0 5.0 0.0 
1.0 28.4067299651 2.65600552313 10.3100565138 2.91985620122 1.0 10.0 5.0 0.0 
1.0 41.377433698 8.36674926216 15.6746575424 1.09338344508 1.0 10.0 5.0 0.0 
1.0 16.9895314663 9.11189746114 25.6228965665 1.28716401651 1.0 10.0 5.0 0.0 
1.0 9.2207730965 2.49582892862 25.9966266681 1.90835953063 1.0 10.0 5.0 0.0 
1.0 16.3463020047 4.11757409648 20.1263203378 1.76825084384 1.0 10.0 5.0 0.0 
1.0 11.175971839 4.01819304333 28.4079466041 4.91151595527 1.0 10.0 5.0 0.0 
1.0 27.5250124988 4.83820701635 28.725136288 4.65237871175 1.0 10.0 5.0 0.0 
1.0 4.4836816154 5.24130603086 46.4413736777 0.625289760131 1.0 10.0 5.0 0.0 
1.0 2.88323671611 1.18373274303 34.9924288469 6.36750361846 1.0 10.0 5.0 0.0 
1.0 30.093778254 7.4228725967 23.8023981061 2.99822551856 1.0 10.0 5.0 0.0 
1.0 7.50898831288 0.725864534155 16.5802485338 5.40830986277 1.0 10.0 5.0 0.0 
1.0 6.67562703484 2.47705687487 41.1608730034 2.06859972847 1.0 10.0 5.0 0.0 
1.0 5.93952598889 4.53652625573 42.9028998973 2.35296838354 1.0 10.0 5.0 0.0 
1.0 17.5354503023 8.04516926185 21.6449044715 1.33419297402 1.0 10.0 5.0 0.0 
1.0 3.41066514297 3.55924832333 23.9045979562 0.409158627516 1.0 10.0 5.0 0.0 
1.0 10.5127521927 0.186351457701 13.6070165883 4.49797089342 1.0 10.0 5.0 0.0 
1.0 4.57458742432 3.97280253477 26.1685819081 0.985971358666 1.0 10.0 5.0 0.0 
1.0 14.5368542286 6.81706660558 13.5196208336 0.198660966918 1.0 10.0 5.0 0.0 
1.0 37.7083075388 2.61500871791 13.1063149544 0.787896223099 1.0 10.0 5.0 0.0 
1.0 17.413161468 2.55621433704 15.1854879758 3.73832894014 1.0 10.0 5.0 0.0 
1.0 20.2834665834 6.4936276802 31.9234657719 1.1705148453 1.0 10.0 5.0 0.0 
1.0 17.0096719889 5.85275596675 26.8021901085 0.577443137226 1.0 10.0 5.0 0.0 
1.0 7.64010711398 0.733755197939 10.3809744863 7.95350046616 1.0 10.0 5.0 0.0 
1.0 9.64735518062 6.94377135178 35.1932972311 1.60528520875 1.0 10.0 5.0 0.0 
1.0 15.6753716774 4.21005330926 18.5776865007 1.48966493961 1.0 10.0 5.0 0.0 
1.0 24.0194863004 0.782788485225 9.14536779234 1.84687548817 1.0 10.0 5.0 0.0 
1.0 17.6784614012 7.07198664857 41.1539216475 2.2546106277 1.0 10.0 5.0 0.0 
1.0 23.335748688 3.25475120943 18.8463164739 0.999379336403 1.0 10.0 5.0 0.0 
1.0 9.993835286 3.98199590698 18.9630549675 0.995364921656 1.0 10.0 5.0 0.0 
1.0 5.14662965507 1.78658253163 10.4543370332 0.212607745494 1.0 10.0 5.0 0.0 
1.0 25.2959467071 4.97687474094 16.974203404 3.68490062008 1.0 10.0 5.0 0.0 
1.0 30.7525337362 1.04981078683 9.56203115182 6.10934804388 1.0 10.0 5.0 0.0 
1.0 19.3727441148 9.1743034842 31.7100913736 1.08437318669 1.0 10.0 5.0 0.0 
1.0 7.49305779887 2.83776629957 39.121722703 0.843888229474 1.0 10.0 5.0 0.0 
1.0 25.4575075677 3.54267114108 16.0809075738 4.34380986136 1.0 10.0 5.0 0.0 
1.0 37.1841123332 9.15893200664 22.2707386751 0.605267290738 1.0 10.0 5.0 0.0 
1.0 27.9665274398 2.93957050184 5.29587183298 0.567625961205 1.0 10.0 5.0 0.0 
1.0 12.3707332498 3.10782632911 36.2374629457 1.27993325564 1.0 10.0 5.0 0.0 
1.0 10.9635153202 8.3490576307 39.2023342865 1.12335467796 1.0 10.0 5.0 0.0 
1.0 10.8705724204 4.44672259088 19.7794978496 1.27627206889 1.0 10.0 5.0 0.0 
1.0 23.1335194843 9.84032042285 32.102555344 0.43328036707 1.0 10.0 5.0 0.0 
1.0 26.439769956 4.99958979776 17.9556799034 2.04171275364 1.0 10.0 5.0 0.0 
1.0 4.78089113661 0.895468879106 5.73423665967 0.683623570825 1.0 10.0 5.0 0.0 
1.0 17.2231891197 3.4882253598 14.1338450338 2.2684390241 1.0 10.0 5.0 0.0 
1.0 7.88282014698 7.67564613597 33.7057924567 2.44990257344 1.0 10.0 5.0 0.0 
1.0 32.7793486521 5.47670105413 21.3016022178 2.6512617079 1.0 10.0 5.0 0.0 
1.0 6.62874287152 7.03276340805 15.2010035215 0.0988817603039 1.0 10.0 5.0 0.0 
1.0 11.1069691512 2.830338469 10.1091962167 1.62863014012 1.0 10.0 5.0 0.0 
