0.0104574817897
0.0126843691827
0.00920126511403
0.0182400692362
0.0154434397165
0.0149984277387
0.00937485533971
0.0131649467245
0.0136726985976
0.0219146036942
0.0119039315446
0.00865498170283
0.0248247549806
0.010047830149
0.00802222870315
0.00993754903974
0.00979386776689
0.0107848930157
0.00890736096108
0.00730552473473
0.00885429460532
0.00661202409494
0.0114301033838
0.0128206729183
0.0140216507226
0.0159578540768
0.0127771284644
0.012023630508
0.0169293333308
0.010118033105
0.0117578753409
0.0199432225869
0.0101718390903
0.00905789109785
0.00827228002835
0.00755778777002
0.0071816722108
0.0182242388926
0.0153234859765
0.00857416170308
0.0127510583902
0.0174388304887
0.0122918958495
0.0103626265443
0.01067097509
0.0145904451442
0.00936261884269
0.0117709009166
0.0236497263119
0.00974386717323
0.00836901303218
0.0070703502702
0.0207156527583
0.010063646549
0.00854005443793
0.0144510859218
0.0125644504217
0.0091650521024
0.00950434859892
0.0143597810769
0.00680617316564
0.0197441003028
0.0102579414441
0.0170293580583
0.00820026563119
0.0173908966401
0.0116022560633
0.0123953546479
0.0145870773768
0.00858898904159
0.0121439099473
0.00749163483081
0.0174886012974
0.00918053446432
0.0108560888706
0.00893284343289
0.0156391423009
0.0104916269536
