1.0 10.1935886567 7.50887672818 41.4823951073 1.61867317834 1.0 10.0 5.0 0.0 
1.0 37.447865946 5.7182708659 7.68609271942 9.85531567578 1.0 10.0 5.0 0.0 
1.0 11.2758310268 8.73410034955 22.758817516 3.49735198565 1.0 10.0 5.0 0.0 
1.0 13.3087546542 3.42416039345 12.5307246188 6.58989401589 1.0 10.0 5.0 0.0 
1.0 20.6658753651 0.940329329956 4.61213992623 4.13837247941 1.0 10.0 5.0 0.0 
1.0 6.34147103969 2.99286158236 22.6770467882 1.96811186942 1.0 10.0 5.0 0.0 
1.0 6.77145129033 0.159446992895 19.3659671476 8.3065548811 1.0 10.0 5.0 0.0 
1.0 5.24385879833 1.19269853334 14.0155736978 1.23662779531 1.0 10.0 5.0 0.0 
1.0 19.8787857904 1.85370729985 5.71359928373 4.36498260877 1.0 10.0 5.0 0.0 
1.0 9.1057390585 5.7659941764 16.2307802633 4.00655929308 1.0 10.0 5.0 0.0 
1.0 16.0512696823 2.67045761211 21.0631709146 4.20919781182 1.0 10.0 5.0 0.0 
1.0 19.9094595847 6.9716238765 25.2944762271 1.60233950481 1.0 10.0 5.0 0.0 
1.0 30.0961105815 7.68876320193 26.8847876761 0.733192003497 1.0 10.0 5.0 0.0 
1.0 37.3464552842 7.63109970569 16.4069337986 0.339691114817 1.0 10.0 5.0 0.0 
1.0 20.1248036366 4.46189659173 23.0430813099 5.34287426914 1.0 10.0 5.0 0.0 
1.0 16.0861930891 4.84689184501 31.5836653734 5.94045479486 1.0 10.0 5.0 0.0 
1.0 34.2857287566 8.19633885602 26.4901535738 1.78842475765 1.0 10.0 5.0 0.0 
1.0 10.1041157596 9.07059954909 47.2034282342 0.991332563937 1.0 10.0 5.0 0.0 
1.0 15.0308231927 6.33779584064 15.6923140186 0.526729440631 1.0 10.0 5.0 0.0 
1.0 45.9130360338 3.3614999138 10.9949289515 2.38768486488 1.0 10.0 5.0 0.0 
1.0 24.747369066 8.00182961751 23.7500035326 1.52190801612 1.0 10.0 5.0 0.0 
1.0 7.760853926 4.49102455886 47.5841119332 2.63999093629 1.0 10.0 5.0 0.0 
1.0 26.5336869917 9.34797030144 11.7338164533 1.52255918056 1.0 10.0 5.0 0.0 
1.0 9.82169362599 3.23417924903 40.0228401188 7.26594286753 1.0 10.0 5.0 0.0 
1.0 31.3342195073 6.47068294828 11.0274596332 0.86228734737 1.0 10.0 5.0 0.0 
1.0 9.44816696053 3.38522939791 23.1643910602 6.30974620347 1.0 10.0 5.0 0.0 
1.0 5.49154703751 1.44048592627 17.0505635447 4.10889263807 1.0 10.0 5.0 0.0 
1.0 8.8421198278 5.27730995917 29.1477719345 1.33441509469 1.0 10.0 5.0 0.0 
1.0 8.09016072357 4.50022159102 43.6403048708 3.71971451748 1.0 10.0 5.0 0.0 
1.0 6.60308304093 1.43276984443 25.9308186092 4.010377409 1.0 10.0 5.0 0.0 
1.0 17.6574181312 6.1208110057 27.6479963823 3.47362293055 1.0 10.0 5.0 0.0 
1.0 8.56151140368 5.30174109136 43.4155615962 2.31173044465 1.0 10.0 5.0 0.0 
1.0 0.940826756838 1.43231576262 43.8173390291 3.42707451237 1.0 10.0 5.0 0.0 
1.0 13.3944588746 6.42357371365 26.0209555797 6.2042376838 1.0 10.0 5.0 0.0 
1.0 26.0683137608 9.83153665264 27.7477032087 5.42032829125 1.0 10.0 5.0 0.0 
1.0 29.1558871692 3.35686729031 14.1393034047 3.53470463691 1.0 10.0 5.0 0.0 
1.0 33.3758656621 9.92917643014 11.3259705249 0.568643187437 1.0 10.0 5.0 0.0 
1.0 44.1694183727 7.96009129059 19.7543489377 2.3615458082 1.0 10.0 5.0 0.0 
1.0 6.8552943348 2.77996202788 18.9476369415 3.83930216364 1.0 10.0 5.0 0.0 
1.0 7.64621655934 5.00058283637 21.4805271205 5.4533496208 1.0 10.0 5.0 0.0 
1.0 10.9820504372 3.54637005983 42.7528079374 5.59789398801 1.0 10.0 5.0 0.0 
1.0 20.3616925161 2.668580228 16.0818693016 2.37806001127 1.0 10.0 5.0 0.0 
1.0 14.1782131573 7.65447595418 28.8967202724 2.5288899118 1.0 10.0 5.0 0.0 
1.0 19.9030823733 5.43731737719 9.76600906761 0.784340279945 1.0 10.0 5.0 0.0 
1.0 20.7840646636 6.84563049458 20.1074851901 2.3497119904 1.0 10.0 5.0 0.0 
1.0 39.819360078 7.59960712097 22.0181402105 2.58266810153 1.0 10.0 5.0 0.0 
1.0 32.0482868635 9.92436691972 22.0479298611 0.289200736295 1.0 10.0 5.0 0.0 
1.0 3.82878970881 0.345865736769 24.7593629962 6.85835451793 1.0 10.0 5.0 0.0 
1.0 11.9557238197 4.74228254989 33.3658982781 6.10374760371 1.0 10.0 5.0 0.0 
1.0 6.42249553759 4.6629720875 38.5221387953 2.91980084676 1.0 10.0 5.0 0.0 
1.0 26.2958490816 6.36398422776 24.0949611598 2.9899811677 1.0 10.0 5.0 0.0 
1.0 3.0770065914 1.14599731029 38.8027416626 3.51910376428 1.0 10.0 5.0 0.0 
1.0 10.4083529324 0.951154520773 3.46893533189 4.90577260761 1.0 10.0 5.0 0.0 
1.0 21.9211376162 5.71191600885 21.4587432509 0.662341527736 1.0 10.0 5.0 0.0 
1.0 10.269803594 5.21879957209 6.45687350907 0.647672935581 1.0 10.0 5.0 0.0 
1.0 23.9790308968 4.34974950782 18.171812096 0.827571549726 1.0 10.0 5.0 0.0 
1.0 4.23328651143 0.698933187966 26.1109808111 5.88408810763 1.0 10.0 5.0 0.0 
1.0 1.37350432943 9.07713999806 43.0548880044 0.233430755537 1.0 10.0 5.0 0.0 
1.0 30.3418234924 6.96539732767 11.3165512909 1.60661107638 1.0 10.0 5.0 0.0 
1.0 28.0344247384 3.24926945698 15.8699325716 2.79196868915 1.0 10.0 5.0 0.0 
1.0 23.3858121182 5.72947818315 16.4543564958 2.20623299734 1.0 10.0 5.0 0.0 
1.0 11.4006126687 2.86867237406 12.5155154166 3.57825634411 1.0 10.0 5.0 0.0 
1.0 14.8903635785 1.6429315204 8.49775151134 2.66847655257 1.0 10.0 5.0 0.0 
1.0 31.9200424015 9.32007570348 36.1902313411 1.70397910263 1.0 10.0 5.0 0.0 
1.0 21.8504260255 5.74508865965 26.5986233282 2.15778916391 1.0 10.0 5.0 0.0 
1.0 13.9184657957 5.44372162033 30.0126137603 2.98118245641 1.0 10.0 5.0 0.0 
1.0 3.32801385961 8.95726877033 21.9154095938 0.0437565941011 1.0 10.0 5.0 0.0 
1.0 22.3066312336 6.28896875688 18.3580552366 4.33002634969 1.0 10.0 5.0 0.0 
1.0 17.4981483908 7.39148712726 28.9428344911 2.09920595715 1.0 10.0 5.0 0.0 
1.0 12.6432440938 2.84302489092 28.3496604958 3.58817761485 1.0 10.0 5.0 0.0 
1.0 7.63067606336 2.25474367264 25.6658224197 4.77538837112 1.0 10.0 5.0 0.0 
1.0 17.9638659916 9.34467021084 37.7603238807 1.53767378434 1.0 10.0 5.0 0.0 
1.0 28.8090145375 8.48832528347 10.6891721473 1.30598611794 1.0 10.0 5.0 0.0 
1.0 13.5030670575 7.71540638889 20.5977665739 0.634303607173 1.0 10.0 5.0 0.0 
1.0 32.0264672954 8.75829565617 16.9918449294 3.85597633852 1.0 10.0 5.0 0.0 
1.0 29.7736427435 2.91434644353 14.0647565557 3.57029072116 1.0 10.0 5.0 0.0 
1.0 20.5904474454 2.65014039445 7.24914007809 1.51289211011 1.0 10.0 5.0 0.0 
1.0 21.9781153127 1.71943735942 12.4750284799 4.95217364321 1.0 10.0 5.0 0.0 
1.0 24.3176799841 5.56280526203 23.8784665189 4.78049594866 1.0 10.0 5.0 0.0 
1.0 41.0238577137 8.5026226914 17.3831945488 2.29870396308 1.0 10.0 5.0 0.0 
1.0 13.7459546228 7.32930760657 23.4273367055 1.6438373293 1.0 10.0 5.0 0.0 
1.0 5.3270495944 5.82993763498 26.6891546832 1.64463393837 1.0 10.0 5.0 0.0 
1.0 14.9301910207 2.93125097541 14.6807572896 5.04157071074 1.0 10.0 5.0 0.0 
1.0 30.4196871243 7.04704834001 27.3303581008 2.28685049189 1.0 10.0 5.0 0.0 
1.0 14.2680188873 6.16275293279 16.3094440021 2.74078459816 1.0 10.0 5.0 0.0 
1.0 12.1306524802 9.29107633869 24.8575423292 1.46449618262 1.0 10.0 5.0 0.0 
1.0 42.2253572241 7.68112723441 6.38897151844 5.44073901265 1.0 10.0 5.0 0.0 
1.0 14.4808129669 8.64324552852 45.5022631971 0.881205166133 1.0 10.0 5.0 0.0 
1.0 15.1921710843 4.27029166213 20.8287874616 5.06917922161 1.0 10.0 5.0 0.0 
1.0 10.3280194348 4.67534188565 26.660284126 2.52059367817 1.0 10.0 5.0 0.0 
1.0 2.97243098363 0.557147530471 47.0255895596 3.61132855707 1.0 10.0 5.0 0.0 
1.0 12.1909945005 4.9439599574 11.1771194557 1.44694637238 1.0 10.0 5.0 0.0 
1.0 19.7419959062 6.57052402733 13.2668068348 3.33719845845 1.0 10.0 5.0 0.0 
