0.0101051855289
0.0115487834616
0.00702969428096
0.00850962991906
0.0179647742736
0.0107788645641
0.0202103710578
0.0230975669232
0.0107788645641
0.00702969428096
0.00702969428096
0.00598825809119
0.00808414842311
0.0134735807052
0.00414571714006
0.00538943228207
0.00702969428096
0.0230975669232
0.0124371514202
0.0124371514202
0.00621857571008
0.0107788645641
0.00898238713679
0.0115487834616
0.00951076285072
0.00673679035259
0.0146984516784
0.00734922583919
0.00898238713679
0.0115487834616
0.00557527477456
0.00951076285072
0.0202103710578
0.00577439173079
0.00769918897439
0.00769918897439
0.0134735807052
0.0107788645641
0.0115487834616
0.00538943228207
0.0107788645641
0.00898238713679
0.00734922583919
0.0107788645641
0.00557527477456
0.00808414842311
0.0146984516784
0.0161682968462
0.00646731873849
0.00951076285072
0.00475538142536
0.0161682968462
0.0202103710578
0.00621857571008
0.0115487834616
0.00769918897439
0.0107788645641
0.0202103710578
0.00808414842311
0.00734922583919
0.00577439173079
0.0107788645641
0.0124371514202
0.0115487834616
0.00436980995844
0.00577439173079
0.0134735807052
0.00505259276444
0.00734922583919
0.00769918897439
0.00734922583919
0.0107788645641
0.0101051855289
0.00898238713679
0.00850962991906
0.00808414842311
0.0115487834616
0.00850962991906
0.00359295485472
0.0107788645641
0.00702969428096
0.00734922583919
0.00734922583919
0.00577439173079
0.00769918897439
0.00808414842311
0.0124371514202
0.0146984516784
0.00489948389279
0.00577439173079
0.0161682968462
0.00898238713679
0.00702969428096
