0.0359195299164
0.0109437756296
0.0197196652934
0.0275087933894
0.0117444893076
0.0247943032691
0.0187146271852
0.00749902853279
0.0228802239544
0.0159063159157
0.00985327480741
0.0102785425292
0.00759015318921
0.0185794284146
0.0193466350957
0.0155542943059
0.0138654853242
0.0129654435989
0.0162230801141
0.0088187017951
0.00883606789856
0.0110425959519
0.0078352414029
0.0173411552656
0.00779707475346
0.0145380614323
0.012318655286
0.0161516570063
0.0216353539314
0.0114619379311
0.0123631103925
0.0189818613594
0.00786165710734
0.0168390416893
0.0150907774787
0.0084607273719
0.00864729817788
0.0141543691561
0.0204177195308
0.0265282274192
0.0176452231261
0.00913444542568
0.0117965247989
0.00788770341824
0.0124829265803
0.0140275490472
0.0111176782016
0.00915898927292
0.00860757049477
0.0132475237725
0.0233280559193
0.0100955858697
0.0090034832692
0.00994128612204
0.00811264622192
0.00873547745139
0.0126290634773
0.0101362992306
