1.0 5.39534155263 0.986562929197 37.0871726299 4.23985083372 1.0 10.0 5.0 0.0 
1.0 29.8345004511 7.47470417867 15.1249578603 0.252954610165 1.0 10.0 5.0 0.0 
1.0 18.6658332697 0.434218148203 2.7675878041 1.1258705774 1.0 10.0 5.0 0.0 
1.0 25.4514766536 1.343246349 11.5145965997 3.8061834672 1.0 10.0 5.0 0.0 
1.0 12.7102259162 7.7411111002 23.4869763692 0.236976940133 1.0 10.0 5.0 0.0 
1.0 28.875307948 1.87174610969 12.553998639 3.65443873087 1.0 10.0 5.0 0.0 
1.0 9.78166534562 5.5554735853 46.8850002799 0.523186128267 1.0 10.0 5.0 0.0 
1.0 14.7662566333 3.44697356055 25.5223513944 1.37113694767 1.0 10.0 5.0 0.0 
1.0 40.9673091085 1.97515994346 10.1716613042 1.70865512661 1.0 10.0 5.0 0.0 
1.0 40.0798222037 5.54744539 14.2702819383 0.994646550631 1.0 10.0 5.0 0.0 
1.0 13.4329684294 3.54701399613 14.4851730235 0.532662153456 1.0 10.0 5.0 0.0 
1.0 11.3150601662 5.22400894278 38.5053419916 0.595932085467 1.0 10.0 5.0 0.0 
1.0 21.9356559398 5.9570032265 29.2060479829 0.628835590739 1.0 10.0 5.0 0.0 
1.0 9.93635385657 1.69368972156 7.77599293804 0.236449075844 1.0 10.0 5.0 0.0 
1.0 7.51540332414 3.00119705152 47.156731205 0.990551756907 1.0 10.0 5.0 0.0 
1.0 19.8609619011 0.343123580283 5.84559054727 1.81470741494 1.0 10.0 5.0 0.0 
1.0 39.5214724243 4.10567461762 16.1902801465 1.84120036056 1.0 10.0 5.0 0.0 
1.0 2.03174899613 1.49884251095 30.5784559208 1.20146233964 1.0 10.0 5.0 0.0 
1.0 16.7056466478 6.70894191872 44.3238293076 1.34008181899 1.0 10.0 5.0 0.0 
1.0 6.86639730936 3.02249367194 27.2886172377 0.672184365864 1.0 10.0 5.0 0.0 
1.0 10.6582149659 3.48006185383 35.2413907716 1.3659161964 1.0 10.0 5.0 0.0 
1.0 14.848524255 1.91893152691 18.22582965 1.25112690582 1.0 10.0 5.0 0.0 
1.0 10.7931516664 5.29065869017 23.9059031167 0.523720597296 1.0 10.0 5.0 0.0 
1.0 36.1221248903 2.33791293554 7.70784300089 0.590398411041 1.0 10.0 5.0 0.0 
1.0 25.3244380042 6.56868045671 29.2676556433 0.817677386539 1.0 10.0 5.0 0.0 
1.0 12.3184567297 0.865837460396 14.0803009359 2.72215964869 1.0 10.0 5.0 0.0 
1.0 5.28806057754 2.20946098232 36.033327804 1.3492477531 1.0 10.0 5.0 0.0 
1.0 38.091304262 2.35852099055 8.33974530299 2.25502481158 1.0 10.0 5.0 0.0 
1.0 41.3676373025 3.9488895335 9.13074751458 0.50073927056 1.0 10.0 5.0 0.0 
1.0 3.83353988758 1.19504831101 25.8829698521 2.48195358237 1.0 10.0 5.0 0.0 
1.0 6.18898275834 1.780991713 36.5321663932 1.65309532725 1.0 10.0 5.0 0.0 
1.0 36.7501163536 1.43538974905 5.67605527423 0.613110061912 1.0 10.0 5.0 0.0 
1.0 26.7382225653 6.18387308145 24.9114183965 0.629824063424 1.0 10.0 5.0 0.0 
1.0 9.28309625896 1.13699741332 6.80240454638 1.98245238668 1.0 10.0 5.0 0.0 
1.0 7.95229158823 0.764181990656 13.2595750844 1.48778200112 1.0 10.0 5.0 0.0 
1.0 11.2160598475 3.41999952846 33.6707668477 0.981704953174 1.0 10.0 5.0 0.0 
1.0 13.0764162084 3.23519091869 34.5614657771 1.47490031586 1.0 10.0 5.0 0.0 
1.0 38.7198842138 3.43196196979 13.1630521653 1.27342599958 1.0 10.0 5.0 0.0 
1.0 5.37300633179 1.67681967766 42.9178572394 1.34473305853 1.0 10.0 5.0 0.0 
1.0 48.2727817297 6.69180476407 18.9535958822 0.63260059483 1.0 10.0 5.0 0.0 
1.0 3.10925280872 3.8419008816 45.9052383891 0.612138203505 1.0 10.0 5.0 0.0 
1.0 12.6565144692 4.60179544379 19.2444571281 0.262262862579 1.0 10.0 5.0 0.0 
1.0 28.2464080798 1.42262728387 11.4191882461 1.52187730516 1.0 10.0 5.0 0.0 
1.0 26.9950671181 5.44403820606 18.6434813909 0.429226540066 1.0 10.0 5.0 0.0 
1.0 28.9201581326 1.67657196676 9.5099497345 2.24063939692 1.0 10.0 5.0 0.0 
1.0 7.75612455436 2.34248463256 38.4910818031 2.97418249871 1.0 10.0 5.0 0.0 
1.0 18.7391002647 1.79464617471 13.6558316373 1.13133958769 1.0 10.0 5.0 0.0 
1.0 11.6671243916 2.52152113545 25.495499564 2.48112680586 1.0 10.0 5.0 0.0 
1.0 14.8575467984 2.88254005386 21.2456553746 1.97438452865 1.0 10.0 5.0 0.0 
1.0 5.68178683988 0.436313799866 17.2845613752 2.53407837421 1.0 10.0 5.0 0.0 
1.0 40.9293956952 3.54053470758 7.16160836985 0.39627791308 1.0 10.0 5.0 0.0 
1.0 31.2329387756 4.33176148812 14.5697529783 0.600083750395 1.0 10.0 5.0 0.0 
1.0 7.87627406195 3.19673585034 34.4787604223 1.41477196443 1.0 10.0 5.0 0.0 
1.0 14.0137522928 5.95845694778 16.1438593704 0.241765729059 1.0 10.0 5.0 0.0 
1.0 26.1043068801 3.18880118065 16.6546201235 0.731064696341 1.0 10.0 5.0 0.0 
1.0 16.0674347085 3.70685802127 15.6649062777 0.887095069885 1.0 10.0 5.0 0.0 
1.0 32.343609589 3.60944270563 8.91144661738 0.523391049113 1.0 10.0 5.0 0.0 
1.0 2.73850270064 2.74219016267 28.4096142128 0.612729320425 1.0 10.0 5.0 0.0 
