0.00250259735624
0.00462028700286
0.0043071930963
0.00345864786287
0.00787221769158
0.00224670109413
0.00256939534785
0.0209678292229
0.00345864786287
0.00547322155411
0.00256939534785
0.00811178687677
0.00195558194981
0.00206066536573
0.00584899612641
0.00240566471681
0.00220250212737
0.00787221769158
0.00206066536573
0.00199162884533
0.00147925582177
0.00167588645572
0.013183365679
0.0209678292229
0.00370914123549
0.00160343301918
0.00958910692326
0.00226780974773
0.00217590531681
0.00180917478756
0.00261842276103
0.00165918749484
0.0024029257751
0.00636916627648
0.013183365679
