1.0 8.4126069326 3.17697171315 6.1716032867 1.72379442342 10.0 5.0 
1.0 8.7429711003 2.5174525634 2.00576681141 2.00250886303 10.0 5.0 
1.0 9.9391483663 1.02606724341 23.9284527029 0.152538241659 10.0 5.0 
1.0 6.5903863351 3.59413550845 27.9485230759 0.639402599419 10.0 5.0 
1.0 5.89395302728 0.498918999466 2.10067797872 0.318973405024 10.0 5.0 
1.0 6.96998415531 4.9399843827 11.6692976126 1.62122527218 10.0 5.0 
1.0 6.06429342145 3.5646732549 19.6007927419 0.585849180579 10.0 5.0 
1.0 2.79458059878 1.06077807937 4.09500020151 0.255115053786 10.0 5.0 
1.0 6.5488710981 1.80448730683 23.7994986257 0.148368818666 10.0 5.0 
1.0 9.44844470978 1.69358660802 0.896338185383 1.49873535199 10.0 5.0 
1.0 6.03325912048 0.970900135781 14.5038596086 0.11957157336 10.0 5.0 
1.0 4.11821864442 2.80907723162 22.1076343214 0.501816255864 10.0 5.0 
1.0 6.97640084144 4.41054853379 15.5022712456 1.1880771186 10.0 5.0 
1.0 9.84022711539 3.37264941942 19.9199797146 0.962131865667 10.0 5.0 
1.0 3.82907576123 2.45935963205 20.3535410953 0.329993918963 10.0 5.0 
1.0 6.72933316662 4.24127386017 21.1003171887 0.925114527954 10.0 5.0 
1.0 8.44063550121 1.76597345784 21.7919197559 0.307264610302 10.0 5.0 
1.0 5.99092541117 0.477316747559 5.1652893402 0.228630928994 10.0 5.0 
1.0 9.77169157336 1.24140657122 14.5824135556 0.306296216666 10.0 5.0 
1.0 7.36999710806 0.681864449965 13.7220250307 0.255486706376 10.0 5.0 
1.0 7.97425666846 2.22007744212 18.9362502507 0.425600135241 10.0 5.0 
1.0 7.09504681013 1.57724466619 11.5904884751 0.476432220645 10.0 5.0 
1.0 4.23856802729 3.84738555376 3.16421839366 2.16478477201 10.0 5.0 
1.0 3.51572397117 2.85305431139 18.3044018042 0.310603046531 10.0 5.0 
1.0 8.90599164981 4.41234870064 27.5231907209 0.730470360234 10.0 5.0 
1.0 7.15093557804 3.41420068607 12.0788604652 0.926087016703 10.0 5.0 
1.0 5.73984004545 6.09677898661 7.84345017868 2.28429623889 10.0 5.0 
1.0 6.72987326912 4.42194389358 16.9306113755 0.985861255137 10.0 5.0 
1.0 8.17713188178 2.55699594894 27.2720015955 0.407762883289 10.0 5.0 
1.0 8.71324637838 1.56229318438 19.8232330188 0.324043168073 10.0 5.0 
1.0 8.80541556752 3.69626408556 21.4258146779 0.894120174001 10.0 5.0 
1.0 7.55455106697 2.43022919723 10.5267120762 1.05640750549 10.0 5.0 
1.0 6.47394308873 3.38997717233 15.6883005479 0.8560644806 10.0 5.0 
1.0 4.89241127387 4.406875287 29.576471889 0.681568533667 10.0 5.0 
1.0 4.58345100021 5.17214453988 4.73208184088 2.34745177962 10.0 5.0 
