1 0 [357.77639692768338] 0
2 0 [368.73377153371388] 0
3 0 [369.55377883221092] 0
4 0 [367.78467105270806] 0
5 0 [289.52153060580622] 0
6 0 [368.55107214643471] 0
7 0 [165.76882056306263] 0
8 0 [197.70467208042538] 0
9 0 [369.24498224567128] 0
10 0 [368.54927298151864] 0
11 0 [356.44100104425104] 0
12 0 [343.65932128490294] 0
13 0 [332.66800288201603] 0
14 0 [291.54398933363933] 0
15 0 [364.95325784006121] 0
16 0 [363.34133957855636] 0
17 0 [346.99755519860901] 0
18 0 [357.79297588374681] 0
19 0 [354.73821783724827] 0
20 0 [351.49372556618056] 0
21 0 [352.24659536676825] 0
22 0 [360.9591629429006] 0
23 0 [365.77258137869376] 0
24 0 [368.27756665895754] 0
25 0 [354.55417250929287] 0
26 0 [360.46355441884384] 0
27 0 [363.142304600724] 0
28 0 [355.58972374900253] 1
29 0 [361.6427470662299] 0
30 0 [364.25333206764014] 0
31 0 [343.82716732727118] 0
32 0 [364.77834576852013] 1
33 0 [365.98698204461107] 0
34 0 [348.1997663181312] 0
35 0 [365.32725083038696] 0
36 0 [366.79086323016833] 0
37 0 [368.44212213036303] 0
38 0 [346.10343195138665] 0
39 0 [361.0321566090671] 0
40 0 [365.73879257664555] 0
41 0 [362.84397886156597] 0
42 0 [369.69114367173813] 0
43 0 [368.71205479423617] 0
44 0 [315.52135064152139] 0
45 0 [341.1169481157529] 1
46 0 [356.74051131371726] 0
47 0 [364.81406629374629] 0
48 0 [358.08791822146628] 0
49 0 [359.64208280755537] 0
50 0 [310.30500095326812] 0
51 0 [194.2441007914797] 0
52 0 [365.72851443257161] 0
53 0 [360.14362827748067] 0
54 0 [353.46173114353837] 0
55 0 [363.45937894813835] 1
56 0 [248.96890926739886] 0
57 0 [281.33535437408887] 1
58 0 [368.57503108521814] 0
59 0 [323.44925274460013] 0
60 0 [363.00128120691647] 0
61 0 [316.94630412312046] 0
62 0 [278.48507104570507] 0
63 0 [357.75934547382406] 0
64 0 [361.91769915216128] 0
65 0 [309.55941802903055] 0
66 0 [353.3792264758236] 0
67 0 [354.34735070286013] 0
68 0 [352.33583168620214] 0
69 0 [342.08804545994315] 0
70 0 [350.64410109499516] 0
71 0 [348.88653433407376] 0
72 0 [196.06335584149181] 0
73 0 [367.45110271767595] 0
74 0 [344.07173032350573] 0
75 0 [354.91099666815217] 0
76 0 [356.99462246993056] 0
77 0 [355.54436639789731] 0
78 0 [368.48757154530477] 0
79 0 [338.77416053693673] 0
80 0 [364.17355320674943] 0
81 0 [355.53539462248597] 0
82 0 [344.53248927042273] 0
83 0 [266.79817182929543] 0
84 0 [353.39952056621956] 0
85 0 [357.83801086934375] 0
86 0 [365.71247921025093] 1
87 0 [352.93670705540228] 0
88 0 [361.73321855202045] 0
89 0 [363.14367288613607] 0
90 0 [339.00459469445468] 0
91 0 [364.59014774640281] 0
92 0 [358.07164305676883] 0
93 0 [367.46938505632858] 0
94 0 [338.86447557342029] 0
95 0 [364.43163711086521] 0
96 0 [360.52215874339191] 0
97 0 [179.59502627081685] 0
98 0 [356.03558429851546] 0
99 0 [369.03057825912532] 0
100 0 [292.68053218007174] 1
