1 0 [301.80146659965794] 1
2 0 [345.98131985763513] 1
3 0 [323.00081870215359] 0
4 0 [334.55738183310922] 0
5 0 [337.66220369313129] 0
6 0 [353.15316032145353] 0
7 0 [334.89462506222588] 0
8 0 [357.45304152679654] 0
9 0 [279.86040882801507] 0
10 0 [317.2395575579348] 1
11 0 [356.79715951095329] 0
12 0 [336.45983419531626] 1
13 0 [327.01918190564771] 0
14 0 [357.79520464202898] 0
15 0 [353.58871067053701] 0
16 0 [348.2008287220404] 0
17 0 [257.37185549550355] 1
18 0 [323.79890592739162] 0
19 0 [353.05208218877112] 0
20 0 [330.44812042156633] 1
21 0 [349.52783774810757] 1
22 0 [339.88518442767742] 0
23 0 [285.24959287866005] 0
24 0 [253.35868619265619] 0
25 0 [359.27189468287088] 0
26 0 [352.2474337330126] 0
27 0 [287.75081318843854] 1
28 0 [327.61864286874976] 0
29 0 [305.50958799993191] 0
30 0 [338.27829914243148] 0
31 0 [347.63763901859664] 0
32 0 [342.74048909887938] 1
33 0 [335.0634696422747] 1
34 0 [341.60409760073867] 0
35 0 [334.26719148951059] 0
36 0 [341.95314419865099] 0
37 0 [354.70326167660761] 0
38 0 [331.63382127758132] 0
39 0 [330.24017843332973] 0
40 0 [344.73747760124485] 0
41 0 [337.08455541396091] 0
42 0 [344.58549124666939] 1
43 0 [351.84148181687368] 1
44 0 [352.26574417127864] 0
45 0 [340.0305282025821] 1
46 0 [358.37797562388499] 0
47 0 [318.66026421906776] 0
48 0 [348.85136796837048] 0
49 0 [287.08484409214816] 1
50 0 [357.07172767853268] 0
51 0 [272.15953417875988] 1
52 0 [359.4794344211644] 0
53 0 [184.75468594566635] 0
54 0 [349.92152355168486] 0
55 0 [355.27185131475778] 0
56 0 [255.79561031733482] 0
57 0 [315.08794278343305] 1
58 0 [325.63968775056134] 0
59 0 [349.85707115027338] 0
60 0 [351.80835266151638] 0
61 0 [330.27697607050993] 0
62 0 [278.94788374808951] 0
63 0 [350.49837598576522] 0
64 0 [316.22107338035704] 0
65 0 [345.74347196475031] 0
66 0 [340.7858562512219] 0
67 0 [341.54271919105776] 0
68 0 [326.20997239291739] 0
69 0 [349.12233294422714] 0
70 0 [349.88209026732767] 0
71 0 [280.98458001324497] 1
72 0 [343.89509963730228] 0
73 0 [170.77379217118462] 0
74 0 [356.12285032122446] 0
75 0 [148.66438550369065] 0
76 0 [349.1081561028206] 0
77 0 [159.24531795943213] 0
78 0 [359.2315621952298] 0
79 0 [293.96362425882421] 0
80 0 [352.69013037285072] 0
81 0 [196.99445505526063] 0
82 0 [356.2456271806933] 0
83 0 [319.69719025906028] 0
84 0 [337.875078453306] 0
85 0 [218.47491693609351] 0
86 0 [308.52913975120339] 1
87 0 [302.66923080019649] 1
88 0 [348.51564586750561] 0
89 0 [319.41343134050811] 1
90 0 [347.2123308961767] 0
91 0 [323.12082538083888] 0
92 0 [329.57836065569199] 0
93 0 [329.36370883701619] 1
94 0 [326.41332139305649] 0
95 0 [357.57959829039373] 0
96 0 [359.41466848291401] 0
97 0 [350.69234397984343] 0
98 0 [293.73070375808601] 1
99 0 [242.11795805673864] 0
100 0 [342.60347761709943] 0
