1 0 [292.13047422019235] 0
2 0 [246.67616896080062] 1
3 0 [331.87803642840436] 0
4 0 [305.34764310080629] 0
5 0 [323.51588593884617] 1
6 0 [285.21407083689354] 0
7 0 [320.7164993352439] 0
8 0 [333.26559270660226] 0
9 0 [295.5355532539902] 1
10 0 [307.64486383737545] 1
11 0 [306.45781166424086] 1
12 0 [308.18700959848417] 1
13 0 [272.23347446174688] 1
14 0 [304.80089686955802] 1
15 0 [320.72288417876615] 0
16 0 [336.86172328923834] 0
17 0 [313.9354039600081] 0
18 0 [286.74147110243143] 1
19 0 [316.73871492558504] 0
20 0 [287.29732315129081] 0
21 0 [293.03841703983574] 1
22 0 [329.83031750731885] 0
23 0 [233.96575250436211] 0
24 0 [253.04229870674979] 1
25 0 [329.84472497894473] 1
26 0 [233.25018031878139] 0
27 0 [174.28972417898063] 0
28 0 [311.78051066094486] 1
29 0 [333.94596016788023] 0
30 0 [255.76761938805305] 1
31 0 [312.10064257695126] 0
32 0 [270.18396716276271] 0
33 0 [267.55935204561933] 0
34 0 [201.39248167317888] 0
35 0 [293.53315936782548] 0
36 0 [279.52414358568882] 1
37 0 [292.12076604072826] 1
38 0 [244.94149050672831] 1
39 0 [339.24816509449153] 0
40 0 [323.54637502356536] 0
41 0 [283.35108469722474] 1
42 0 [263.61841630973402] 1
43 0 [150.86140034212426] 0
44 0 [93.454408778618813] 0
45 0 [331.36079973736742] 0
46 0 [130.00772745517793] 0
47 0 [325.34496366382052] 0
48 0 [229.91811931693385] 0
49 0 [201.7245196570772] 0
50 0 [329.20888142921382] 0
51 0 [297.10856895112676] 0
52 0 [212.60244690380384] 0
53 0 [322.47092916919877] 0
54 0 [317.72212967471222] 0
55 0 [324.12857772769689] 0
56 0 [332.81855701024722] 1
57 0 [261.65232807853238] 0
58 0 [318.21427608601795] 0
59 0 [320.39711120335937] 0
60 0 [304.50922506278141] 0
61 0 [242.55492530696631] 0
62 0 [333.11120837754027] 0
63 0 [331.7257023683905] 0
64 0 [327.98606167249773] 0
65 0 [281.56962795694295] 1
66 0 [163.04223462824191] 0
67 0 [325.78037800217334] 0
68 0 [316.58062642510413] 0
69 0 [308.35921936844966] 1
70 0 [339.04371992273309] 0
71 0 [339.38544501149363] 1
72 0 [331.15999592065373] 0
73 0 [290.1360129122649] 1
74 0 [326.25477869426612] 1
75 0 [325.237413935907] 1
76 0 [278.07301651560499] 0
77 0 [301.56742360897448] 1
78 0 [281.18017731472145] 0
79 0 [305.87338509329311] 1
80 0 [335.079931459345] 0
81 0 [295.461450726267] 0
82 0 [336.32743450797022] 0
83 0 [268.39498530676883] 0
84 0 [301.5837944222971] 1
85 0 [314.78636577768066] 0
86 0 [313.03621987219481] 0
87 0 [269.57279783448905] 1
88 0 [293.44875479623209] 1
89 0 [161.31593365438027] 0
90 0 [332.22738557650683] 1
91 0 [241.37247252053288] 1
92 0 [285.5673795404926] 0
93 0 [319.15155853076789] 0
94 0 [91.58472298528018] 0
95 0 [325.15933609709924] 0
96 0 [336.54947497852265] 1
97 0 [324.89429153710182] 0
98 0 [336.83836060789099] 0
99 0 [320.75916093671327] 0
100 0 [277.17680568624246] 1
