1 0 [298.57176272078016] 1
2 0 [222.23949509823956] 0
3 0 [294.17142627380616] 1
4 0 [268.22797690207938] 0
5 0 [296.64897535579684] 1
6 0 [198.09313636838596] 0
7 0 [265.31483472703718] 0
8 0 [269.95985338362732] 1
9 0 [291.41698106260611] 0
10 0 [250.20098713337538] 0
11 0 [274.01607695539667] 0
12 0 [142.16807302617704] 0
13 0 [73.784309799773098] 0
14 0 [299.85808263474615] 0
15 0 [274.34662231071758] 0
16 0 [222.48781470926679] 0
17 0 [244.75525349732203] 1
18 0 [269.71083042322675] 1
19 0 [240.81115286121923] 0
20 0 [263.63337912194669] 1
21 0 [296.09838044771999] 1
22 0 [182.31235324232608] 0
23 0 [249.66834657665046] 1
24 0 [160.04231295691355] 0
25 0 [223.48924718509383] 0
26 0 [296.5143069413412] 0
27 0 [290.99396310267031] 0
28 0 [293.74636492460957] 1
29 0 [238.84039298575291] 1
30 0 [264.42327356600759] 1
31 0 [296.28370419623053] 1
32 0 [256.95326885825278] 0
33 0 [253.09652694837357] 1
34 0 [253.12066204117031] 1
35 0 [292.14333557902029] 1
36 0 [258.52232631829759] 1
37 0 [118.53115846153642] 0
38 0 [124.03947318259834] 0
39 0 [278.77334819187081] 1
40 0 [111.92611227294489] 0
41 0 [299.7668619431908] 0
42 0 [272.79061910244155] 1
43 0 [276.68696770731765] 1
44 0 [298.25783491365161] 0
45 0 [218.02843029642989] 0
46 0 [280.94803747944576] 1
47 0 [143.31980815378657] 0
48 0 [253.98993743231048] 0
49 0 [278.11111456851762] 0
50 0 [255.25584995084893] 1
51 0 [232.95221320619314] 0
52 0 [264.4634734385769] 1
53 0 [277.01597893275795] 0
54 0 [291.10472972017072] 1
55 0 [121.08380435979059] 0
56 0 [247.63642452619771] 0
57 0 [285.14531006611958] 1
58 0 [216.90026718151253] 0
59 0 [220.8302293199248] 1
60 0 [284.49545140935572] 0
61 0 [97.569790707991501] 0
62 0 [115.42644548292753] 0
63 0 [112.91589814049841] 0
64 0 [262.14169683078541] 1
65 0 [258.50984071359892] 1
66 0 [115.593209413887] 0
67 0 [292.75200342582735] 1
68 0 [170.92034115038891] 0
69 0 [228.74126561615981] 1
70 0 [257.90149013643804] 1
71 0 [299.3874798972235] 0
72 0 [231.97684891843249] 1
73 0 [204.5966786075297] 0
74 0 [297.11929886495977] 1
75 0 [225.90570530951982] 0
76 0 [145.74165257912711] 0
77 0 [299.04066348081864] 1
78 0 [224.04442591804096] 0
79 0 [186.06292868565586] 0
80 0 [279.98096846702549] 0
81 0 [268.12479688150461] 1
82 0 [266.81143578947911] 1
83 0 [135.16915418109764] 0
84 0 [218.06569498903815] 0
85 0 [284.77892149409354] 0
86 0 [174.37953003752389] 0
87 0 [260.7721011792745] 1
88 0 [284.3172605887562] 1
89 0 [257.97099559991153] 0
90 0 [286.8327736895763] 1
91 0 [290.33152465451957] 1
92 0 [181.59689014977258] 0
93 0 [272.4370845334671] 0
94 0 [291.95202698455347] 0
95 0 [273.01022812284788] 0
96 0 [295.61904335394246] 0
97 0 [299.33703733222433] 1
98 0 [232.5516027507125] 0
99 0 [284.40213961068741] 1
100 0 [249.58973743247131] 0
