1 0 [373.86033580213484] 0
2 0 [379.02536779857024] 0
3 0 [378.59555926341329] 1
4 0 [378.97653611671694] 0
5 0 [336.16572875061985] 0
6 0 [379.10592621851748] 0
7 0 [379.10592621851748] 0
8 0 [378.96014316072569] 1
9 0 [378.8031318804089] 0
10 0 [378.02124782865457] 0
11 0 [378.98860989374504] 1
12 0 [378.93443459145192] 1
13 0 [376.55835527541461] 0
14 0 [378.94436079630827] 1
15 0 [379.10592621851748] 0
16 0 [373.98581079744753] 0
17 0 [379.10592621851748] 0
18 0 [378.9822263401548] 1
19 0 [378.98378931705867] 0
20 0 [366.48000984964557] 0
21 0 [379.10592621851748] 0
22 0 [379.10592621851748] 0
23 0 [379.10592621851748] 0
24 0 [378.93359122294561] 1
25 0 [376.60481056591118] 0
26 0 [378.87257326118709] 1
27 0 [379.10592621851748] 0
28 0 [364.25930440949708] 0
29 0 [378.96554401288813] 1
30 0 [378.89963673548766] 1
31 0 [337.33038691305802] 0
32 0 [378.99336243755818] 1
33 0 [377.51547198698762] 1
34 0 [378.95854302294566] 1
35 0 [378.99487525496812] 1
36 0 [378.88505225519401] 1
37 0 [358.62610434185171] 0
38 0 [371.25099457467098] 0
39 0 [378.02174924377573] 1
40 0 [378.97420696024966] 0
41 0 [378.91733933394499] 0
42 0 [378.99845657351392] 1
43 0 [379.12647567550135] 0
44 0 [378.98824409301062] 0
45 0 [376.48394344246941] 0
46 0 [378.9143697529957] 1
47 0 [378.96868292304629] 1
48 0 [378.96028890046125] 1
49 0 [378.98392081790445] 1
50 0 [379.00153384906815] 1
51 0 [378.97577358387622] 0
52 0 [378.65160653539891] 1
53 0 [378.97959214517846] 0
54 0 [377.62129869216011] 1
55 0 [378.97364240076786] 1
56 0 [378.97480735559594] 0
57 0 [378.85045758501894] 1
58 0 [378.91931234498844] 1
59 0 [378.92680661306002] 1
60 0 [378.95202857667658] 1
61 0 [376.7246706866963] 1
62 0 [378.94077440545874] 1
63 0 [378.75405228840816] 1
64 0 [378.88756838159998] 1
65 0 [378.95199366662331] 1
66 0 [378.75791774550157] 0
67 0 [378.93720743139551] 1
68 0 [378.96525811102561] 1
69 0 [371.50315828898317] 0
70 0 [378.80626484981565] 1
71 0 [379.10592621851748] 0
72 0 [378.99029535292567] 1
73 0 [378.91921944076478] 1
74 0 [378.91882124704392] 1
75 0 [379.10592621851748] 0
76 0 [378.79204645636997] 1
77 0 [378.3451029506536] 0
78 0 [374.7185290402046] 0
79 0 [379.03480376637833] 1
80 0 [378.96284689603215] 1
81 0 [379.37617630031855] 0
82 0 [378.13098810940426] 0
83 0 [378.97432654084258] 0
84 0 [378.91227778210646] 1
85 0 [379.10592621851748] 0
86 0 [379.10592621851748] 0
87 0 [376.60863479271967] 0
88 0 [377.03943196023289] 0
89 0 [378.97494487995675] 0
90 0 [378.73604906818849] 0
91 0 [378.97697574568389] 1
92 0 [379.00409805005944] 1
93 0 [378.97824034009329] 0
94 0 [372.80705452624761] 1
95 0 [371.70643583500561] 0
96 0 [378.80958245809262] 1
97 0 [378.72938376587598] 0
98 0 [378.75166094844934] 0
99 0 [378.99415848940021] 1
100 0 [378.89093692335905] 1
