0 0 0 0 13.6409644345 17.113278258 26.7856280364 7.21814507295 -0.479098651608 0.172905272171 -0.132120640444 -0.652681145254 -13.1215004581 0.0 0.0 0.0 0.0 0.0 0.0 0.0 0.0 0.0 0.0 0.0 0.0 0.0 0.0 
0 0 0 1 4.76117316837 23.2518072204 50.1092106956 74.9238280609 54.0174636261 32.6003319629 17.1290924774 11.5519176414 -6.71902859743 0.0 0.0 0.0 0.0 0.0 0.0 0.0 0.0 0.0 0.0 0.0 0.0 0.0 0.0 
1 0 0 0 10.6018680092 1.40019436518 0.309773241729 1.08369095846 0.0453405246496 1.19440927833 2.57173054524 -0.0128374395431 -0.00375721809894 -0.000992024182153 -0.000466832009495 -0.000332448951979 -0.000393935457734 0.0 0.0 0.0 0.0 0.0 0.0 0.0 0.0 0.0 0.0 
1 0 0 1 4.36105948414 10.4323945881 12.8494815922 12.7641906227 9.11880549076 14.9405851194 14.7458129481 7.68704906099 3.42403328798 3.06139617296 1.87858946353 0.778363513009 0.0707203408014 0.0 0.0 0.0 0.0 0.0 0.0 0.0 0.0 0.0 0.0 
2 0 0 0 11.0911610836 1.9412345578 8.22841173193 2.50967350719 -0.219064812618 -0.00247263170961 -0.000671590777975 -0.000532141081534 -0.00138663303862 -0.00681532240129 -0.0384767354947 0.0 0.0 0.0 0.0 0.0 0.0 0.0 0.0 0.0 0.0 0.0 0.0 
2 0 0 1 7.11350583172 15.5750496254 20.5604912392 28.0160820192 17.4887618496 12.7699452566 5.794983238 4.12033054892 1.40666314058 1.4181074311 0.911908422209 0.0 0.0 0.0 0.0 0.0 0.0 0.0 0.0 0.0 0.0 0.0 0.0 
3 0 0 0 7.26419420409 2.42026933478 -1.9757685916 1.92562273413 0.899574544955 0.799082455426 -0.0157493979572 -0.0108437184213 -0.011786777361 -0.0200511311129 -0.0516018247601 -0.315088409883 0.0 0.0 0.0 0.0 0.0 0.0 0.0 0.0 0.0 0.0 0.0 
3 0 0 1 7.54283045038 14.4966182781 17.0024733595 18.9296724071 18.6961286407 15.5779294049 9.0813195045 4.75982134551 2.49884864945 2.03842850627 1.23896689273 -0.330003521017 0.0 0.0 0.0 0.0 0.0 0.0 0.0 0.0 0.0 0.0 0.0 
4 0 0 0 8.4300013928 5.12782143713 4.05262857918 3.38625117626 1.42519151892 1.26019837624 -0.902415568083 -0.000303274895946 0.176709859863 1.27083092935 0.729494523262 0.206468094411 -0.0392994637818 1.13712348577 0.455745445414 -0.873899156614 0.202776187519 0.382918389942 1.83810518743 2.30538366945 0.375386280147 -0.333520010056 4.58578011513 
4 0 0 1 7.38273843865 16.6470806598 24.5005050564 35.6185945471 36.8915069686 32.9754118245 39.7505765972 30.7536443843 22.5213759875 16.521322179 18.3283307715 15.0805246693 16.8381372134 9.05987130674 24.9354621823 16.4146653837 14.7445689104 10.6245892671 14.2359665379 25.7176832424 30.5993430166 28.793950931 29.9756634475 
5 0 0 0 10.1931017677 18.2610476188 9.09660995942 4.15310911909 -0.0616730771984 -0.159290439363 -0.362305742486 -1.91889508425 0.0 0.0 0.0 0.0 0.0 0.0 0.0 0.0 0.0 0.0 0.0 0.0 0.0 0.0 0.0 
5 0 0 1 6.19284814245 10.8436579691 17.7121262944 28.4735565418 19.6028513016 10.7168142108 8.20338455576 1.55947114261 0.0 0.0 0.0 0.0 0.0 0.0 0.0 0.0 0.0 0.0 0.0 0.0 0.0 0.0 0.0 
6 0 0 0 9.11067305771 16.8545555577 26.4067718947 26.8131975731 41.4378644279 44.4766036957 -42.9974837138 21.1639205619 4.53392672175 42.9125822273 26.4135690647 4.02371216613 13.0468336065 21.6048302402 14.0486573554 12.4454822266 12.9646737296 16.4527797857 31.1173959723 7.69682411538 14.5460847571 -2.45596027002 9.26771689904 
6 0 0 1 6.38125382767 13.3778024181 22.7596171203 73.454047137 213.577809119 230.302050441 181.654771941 136.274931393 140.716994533 148.054284328 152.562842368 127.197424016 107.926619995 137.471365612 90.6642464955 78.9518051176 70.173846497 90.5692235488 113.053769942 75.9844864529 63.341100949 71.1962650979 51.8407385451 
7 0 0 0 8.03674246726 5.00527702768 4.56304487545 20.2431969442 17.9181822267 15.2135816596 3.30329121306 0.705167909668 -0.762884776802 -0.016352416001 3.02571856311 3.72127524321 18.5244256524 10.2149040311 9.16966916407 6.86914744077 4.13929258727 1.43743220423 6.93062658927 -0.764784277122 7.31205821295 9.93341558686 26.4054088234 
7 0 0 1 4.93496987216 8.41834459741 8.16801118359 20.5105108354 55.4492532138 80.4036021511 69.0292760626 42.5665423036 33.7780867736 27.5262546313 17.1778747551 17.6274837337 30.175128723 89.816974482 72.3975906962 66.5404156839 43.1660746985 43.6293153236 34.8481727884 44.0194124118 43.528631872 43.9636902804 69.6796123048 
8 0 0 0 10.5870997323 -0.0114648158458 3.47032764538 1.91018446366 0.547853432137 0.344628923563 0.0985051984436 -0.001041901089 -0.00100583840705 -0.00127686527883 -0.00247943338985 -0.00635900312897 0.0 0.0 0.0 0.0 0.0 0.0 0.0 0.0 0.0 0.0 0.0 
8 0 0 1 5.09785754916 16.643558775 19.9609188314 19.3905069058 13.2526507034 12.0721452204 8.82800943656 7.59132971657 4.04471976708 2.26171137098 1.23841139483 0.38427393733 0.0 0.0 0.0 0.0 0.0 0.0 0.0 0.0 0.0 0.0 0.0 
9 0 0 0 11.3066222117 7.71255215404 3.10522292583 0.916452012873 -0.706683398467 -0.00132778684413 -0.000313660081786 -0.000228696762479 -0.000233974120369 -0.00035072724796 -0.00186566088731 0.0 0.0 0.0 0.0 0.0 0.0 0.0 0.0 0.0 0.0 0.0 0.0 
9 0 0 1 5.31834967466 15.6435116902 20.7191309504 20.3453563303 18.7019549021 12.152316339 7.21476548352 3.13668128145 2.93580311727 1.53192421554 0.0868930932865 0.0 0.0 0.0 0.0 0.0 0.0 0.0 0.0 0.0 0.0 0.0 0.0 
10 0 0 0 9.32856090387 7.97538458009 14.9612658234 9.47868567531 1.45781131767 0.602641730416 -0.611673520577 -0.120378932127 -1.16215471931 0.0 0.0 0.0 0.0 0.0 0.0 0.0 0.0 0.0 0.0 0.0 0.0 0.0 0.0 
10 0 0 1 7.40946024088 25.6552926684 47.3667496115 57.5918455793 44.9169805201 32.0955685648 17.7276216192 6.44880114515 1.40940091047 0.0 0.0 0.0 0.0 0.0 0.0 0.0 0.0 0.0 0.0 0.0 0.0 0.0 0.0 
11 0 0 0 7.36616102743 9.7800398357 7.95353385069 2.60928495775 0.439325088161 4.13516514717 4.77697613809 -0.227251184293 -0.00754231877754 -0.01324138543 -0.0627771338761 -0.627960447848 0.0 0.0 0.0 0.0 0.0 0.0 0.0 0.0 0.0 0.0 0.0 
11 0 0 1 7.65874860787 14.9509836893 23.1594447369 30.6483728633 27.465623268 32.9843836711 44.3855461303 49.9365712855 31.6170276962 16.7955203729 11.6157213177 5.01015498275 0.0 0.0 0.0 0.0 0.0 0.0 0.0 0.0 0.0 0.0 0.0 
12 0 0 0 9.04768370216 12.6800359347 13.8345002337 10.7203456975 1.53275751734 -0.0454909376878 -0.0684001133452 -0.518679289119 0.0 0.0 0.0 0.0 0.0 0.0 0.0 0.0 0.0 0.0 0.0 0.0 0.0 0.0 0.0 
12 0 0 1 7.15600926984 27.1003574832 53.0411906426 196.239370213 187.371073723 110.134949695 60.2674856897 26.5557561743 0.0 0.0 0.0 0.0 0.0 0.0 0.0 0.0 0.0 0.0 0.0 0.0 0.0 0.0 0.0 
13 0 0 0 6.46588789619 6.3977500788 14.4023657708 0.185732800553 5.73898262014 0.870513147282 1.97643010319 1.81157785963 2.07239805128 0.463724988652 -0.0166356996851 -0.0661089264399 -0.434208631051 0.0 0.0 0.0 0.0 0.0 0.0 0.0 0.0 0.0 0.0 
13 0 0 1 8.30832685797 20.6878911542 43.9155829133 99.3143321425 140.451104976 151.944924311 107.475659012 115.105895747 103.853327029 91.263247243 53.6812357556 31.3906520412 13.7438365064 0.0 0.0 0.0 0.0 0.0 0.0 0.0 0.0 0.0 0.0 
14 0 0 0 9.59862976741 4.67025923128 7.57676786914 -1.09717480897 0.445759182796 -0.0235507159052 -0.0238006689003 -0.0524186251701 -0.521638904238 0.0 0.0 0.0 0.0 0.0 0.0 0.0 0.0 0.0 0.0 0.0 0.0 0.0 0.0 
14 0 0 1 5.55527159423 14.9507785508 25.0397853154 32.9041566036 27.4086658708 13.8222398871 10.4141142757 7.94733306914 1.54934439995 0.0 0.0 0.0 0.0 0.0 0.0 0.0 0.0 0.0 0.0 0.0 0.0 0.0 0.0 
15 0 0 0 9.04846797567 9.09932954936 6.94053000377 1.26094334492 4.29592437053 -3.11037658545 -0.101711978171 -0.333368247927 0.0 0.0 0.0 0.0 0.0 0.0 0.0 0.0 0.0 0.0 0.0 0.0 0.0 0.0 0.0 
15 0 0 1 5.51696295044 16.9666047398 30.796958742 46.6508463402 30.2425961091 23.2463990084 12.9338834386 5.36843663147 0.0 0.0 0.0 0.0 0.0 0.0 0.0 0.0 0.0 0.0 0.0 0.0 0.0 0.0 0.0 
16 0 0 0 8.41159188078 12.3752591074 15.4762379632 -10.1740660857 0.658822858283 -0.0281218021625 -0.0395724348778 -0.117385993549 -1.31188509255 0.0 0.0 0.0 0.0 0.0 0.0 0.0 0.0 0.0 0.0 0.0 0.0 0.0 0.0 
16 0 0 1 5.29970567753 23.7390673375 63.5913148482 98.8762353816 64.9799157404 42.9153205757 29.2410472044 19.5373232453 8.8905818981 0.0 0.0 0.0 0.0 0.0 0.0 0.0 0.0 0.0 0.0 0.0 0.0 0.0 0.0 
17 0 0 0 12.3040366508 21.2959945764 25.7625815644 4.36848606131 -0.528931172705 -0.419918146631 -2.30334516501 0.0 0.0 0.0 0.0 0.0 0.0 0.0 0.0 0.0 0.0 0.0 0.0 0.0 0.0 0.0 0.0 
17 0 0 1 6.62526652263 21.6601976083 46.6615632839 73.4355943742 48.5834532943 26.9878441945 14.8091739388 0.0 0.0 0.0 0.0 0.0 0.0 0.0 0.0 0.0 0.0 0.0 0.0 0.0 0.0 0.0 0.0 
18 0 0 0 8.60994626368 10.0952062821 9.61117137206 4.23533480873 0.390806314204 0.842447689329 -0.0878522999032 -0.244664956985 -1.14551228955 0.0 0.0 0.0 0.0 0.0 0.0 0.0 0.0 0.0 0.0 0.0 0.0 0.0 0.0 
18 0 0 1 6.44292548157 14.3358347741 23.2406224093 53.2125081446 49.0335553203 35.8839079045 19.4399230085 10.0731934905 2.53104154658 0.0 0.0 0.0 0.0 0.0 0.0 0.0 0.0 0.0 0.0 0.0 0.0 0.0 0.0 
19 0 0 0 7.72442297224 2.26461463176 1.82414029135 7.78688093841 11.0413473237 0.0 0.0 0.0 0.0 0.0 0.0 0.0 0.0 0.0 0.0 0.0 0.0 0.0 0.0 0.0 0.0 0.0 0.0 
19 0 0 1 7.95539715563 15.110346107 29.7120230532 66.9535037803 105.689489219 0.0 0.0 0.0 0.0 0.0 0.0 0.0 0.0 0.0 0.0 0.0 0.0 0.0 0.0 0.0 0.0 0.0 0.0 
20 0 0 0 11.4540350544 11.2006923493 18.4956896905 5.09591475458 1.56407465334 -0.0772701401949 -0.11034223326 -0.445454962258 0.0 0.0 0.0 0.0 0.0 0.0 0.0 0.0 0.0 0.0 0.0 0.0 0.0 0.0 0.0 
20 0 0 1 4.93328283667 24.6023086533 50.8948827873 81.146339999 59.7743575916 30.4055890517 20.7373028616 8.91690625503 0.0 0.0 0.0 0.0 0.0 0.0 0.0 0.0 0.0 0.0 0.0 0.0 0.0 0.0 0.0 
21 0 0 0 12.2738637109 29.7340239168 36.0310299342 2.30627965222 1.95985439167 0.292023717685 -0.154649753131 -0.927314144804 0.0 0.0 0.0 0.0 0.0 0.0 0.0 0.0 0.0 0.0 0.0 0.0 0.0 0.0 0.0 
21 0 0 1 5.91110661847 14.1010001353 33.3267600998 50.9848205364 40.7960789295 30.1429875788 14.3216725115 8.61675835854 0.0 0.0 0.0 0.0 0.0 0.0 0.0 0.0 0.0 0.0 0.0 0.0 0.0 0.0 0.0 
22 0 0 0 2.62915408235 8.20013193759 4.40217353464 0.501003693186 -0.000664599615262 -6.12102862092e-05 -1.58225192513e-05 -1.10399489362e-05 -8.52576585495e-06 -8.26698298046e-06 -9.68547810578e-06 0.0 0.0 0.0 0.0 0.0 0.0 0.0 0.0 0.0 0.0 0.0 0.0 
22 0 0 1 10.1404118479 21.0603958729 32.1415316712 42.3830468172 27.0110392157 18.8098706072 7.86740596053 3.3009053786 1.85062141449 2.06879614621 0.632130983372 0.0 0.0 0.0 0.0 0.0 0.0 0.0 0.0 0.0 0.0 0.0 0.0 
23 0 0 0 10.76495873 14.8667353201 11.1922526376 6.85144652085 5.77545845682 0.0 0.0 0.0 0.0 0.0 0.0 0.0 0.0 0.0 0.0 0.0 0.0 0.0 0.0 0.0 0.0 0.0 0.0 
23 0 0 1 6.83814706005 15.7180058037 24.1697971192 42.3512565071 27.9332397087 0.0 0.0 0.0 0.0 0.0 0.0 0.0 0.0 0.0 0.0 0.0 0.0 0.0 0.0 0.0 0.0 0.0 0.0 
24 0 0 0 4.60797216325 6.97362733739 1.8071731241 1.58437628621 1.22880539244 3.88193828985 0.684189205748 -0.0337947364558 -0.0494693576576 -0.119825807722 0.0 0.0 0.0 0.0 0.0 0.0 0.0 0.0 0.0 0.0 0.0 0.0 0.0 
24 0 0 1 10.7793681039 23.1945116477 35.2850628479 40.4114572954 30.5782385227 32.6119029662 32.3767729712 12.9479707794 8.27986117567 2.4865721169 0.0 0.0 0.0 0.0 0.0 0.0 0.0 0.0 0.0 0.0 0.0 0.0 0.0 
25 0 0 0 10.8513096823 1.52144338658 10.581385729 3.32778335897 3.25055643411 -0.0119339834346 -0.0158671874126 -0.00849578971004 -0.0054347012531 -0.00824531849355 -0.00978536050253 -0.0902295552317 0.0 0.0 0.0 0.0 0.0 0.0 0.0 0.0 0.0 0.0 0.0 
25 0 0 1 3.5918867173 10.754965099 12.0019240969 19.5435626541 25.9341012342 19.0998663694 15.9750215851 9.86553438034 7.25134974102 4.58500968619 4.56651115119 0.728838111849 0.0 0.0 0.0 0.0 0.0 0.0 0.0 0.0 0.0 0.0 0.0 
26 0 0 0 9.15587980692 9.84593611048 12.5940709499 9.82562298564 -0.900236927374 3.37652683459 2.02912371588 0.307913788592 -0.0380457242683 -0.0506952443515 -0.282371222463 -2.09765454979 0.0 0.0 0.0 0.0 0.0 0.0 0.0 0.0 0.0 0.0 0.0 
26 0 0 1 6.83418942142 13.3674643591 17.2690739914 22.9203631766 20.942722646 20.9139588032 15.8065933633 13.1908836848 5.57088561493 3.37758853087 0.826814178382 -0.865001439878 0.0 0.0 0.0 0.0 0.0 0.0 0.0 0.0 0.0 0.0 0.0 
27 0 1 0 8.20052224272 1.31711079606 0.00520661519425 0.421822708803 -0.0260460645371 -0.254995574978 0.0337523628913 -0.104164479395 -0.12320380123 -0.13829925068 -0.232374146385 0.254034821912 0.101285901264 -0.164059724401 -0.19080320805 0.009320122927 0.098378337791 -0.261547149184 0.207931565248 -0.315064072924 0.0291729442705 0.157922830661 -0.126267481584 
27 0 1 1 4.47626090943 5.17707155039 6.12021572643 6.55879253995 5.42404566799 6.39737524766 6.03629048931 5.2524907625 4.89314820738 4.43788331683 5.18892128476 3.72947420433 4.90235040359 3.71889848669 3.50371197865 3.72923037683 4.20696542564 3.55061878449 5.51737581857 9.35751342186 10.111937742 10.9571543468 13.8550114532 
28 0 0 0 9.07567784135 15.9643505032 9.46118041535 12.1304948947 1.21359168185 -0.0919902574195 -0.279883051201 -2.3845434711 0.0 0.0 0.0 0.0 0.0 0.0 0.0 0.0 0.0 0.0 0.0 0.0 0.0 0.0 0.0 
28 0 0 1 6.47862055538 16.9011002421 26.0211674661 47.0807596643 35.7730233974 21.4796636501 11.6442484338 3.08765028402 0.0 0.0 0.0 0.0 0.0 0.0 0.0 0.0 0.0 0.0 0.0 0.0 0.0 0.0 0.0 
29 0 0 0 13.2266889167 19.5096525976 31.1321260999 5.29920595241 1.62660823985 -0.105620579121 -0.175660299935 -2.17732119128 0.0 0.0 0.0 0.0 0.0 0.0 0.0 0.0 0.0 0.0 0.0 0.0 0.0 0.0 0.0 
29 0 0 1 4.32239155275 18.2279263967 35.7723951203 41.6347194972 32.9581229439 20.5053322797 9.20277241783 3.05549616956 0.0 0.0 0.0 0.0 0.0 0.0 0.0 0.0 0.0 0.0 0.0 0.0 0.0 0.0 0.0 
30 0 0 0 9.66768459198 19.7129141739 26.5438763028 36.6851392358 0.670304259969 1.41840233474 0.298360053096 0.296989065857 -0.00744729059469 -0.0225751901189 -0.116501565213 -0.881856336489 0.0 0.0 0.0 0.0 0.0 0.0 0.0 0.0 0.0 0.0 0.0 
30 0 0 1 6.73928506058 7.08483644135 17.0157064381 79.2286822768 65.5750033146 41.1281921077 27.8752509172 18.4770536727 12.4850353872 6.58655357266 4.64344819733 1.66320158187 0.0 0.0 0.0 0.0 0.0 0.0 0.0 0.0 0.0 0.0 0.0 
31 0 1 0 8.47613569132 11.5366905819 3.85657714653 7.97448831542 5.06346067593 3.54458056372 5.72494744353 5.59481037706 10.5966397993 12.3530951595 2.35239874722 0.0 0.0 0.0 0.0 0.0 0.0 0.0 0.0 0.0 0.0 0.0 0.0 
31 0 1 1 6.42272918769 6.72219564949 9.79198788545 10.9878828658 11.2875891777 9.13392326881 10.2289069241 10.0824497261 14.409315294 15.3588958191 5.49345048134 0.0 0.0 0.0 0.0 0.0 0.0 0.0 0.0 0.0 0.0 0.0 0.0 
32 0 0 0 6.28388755379 6.76015326397 6.634325074 -0.542227902701 -8.74044642218e-08 -0.0124609294235 -0.0151150233913 -0.0605392604614 -1.17072689732 0.0 0.0 0.0 0.0 0.0 0.0 0.0 0.0 0.0 0.0 0.0 0.0 0.0 0.0 
32 0 0 1 8.28398773698 17.8127334625 27.3409503037 32.3250437387 23.5127305736 17.7355014927 11.9048141568 6.56196029931 0.535161724373 0.0 0.0 0.0 0.0 0.0 0.0 0.0 0.0 0.0 0.0 0.0 0.0 0.0 0.0 
33 0 0 0 12.8566110297 20.8167274256 25.5854334897 17.4302524329 2.55280920727 -0.0267772261334 -0.0250122896125 -0.050403975586 -0.273942480859 -4.5741497353 0.0 0.0 0.0 0.0 0.0 0.0 0.0 0.0 0.0 0.0 0.0 0.0 0.0 
33 0 0 1 6.01756605573 20.9205794571 36.318761949 71.2697001762 60.4646518588 39.7621639666 24.8091163941 14.43800529 8.58715179388 1.04354734998 0.0 0.0 0.0 0.0 0.0 0.0 0.0 0.0 0.0 0.0 0.0 0.0 0.0 
34 0 0 0 13.0868875413 24.5844492732 38.4528140978 37.9845557374 12.0807395483 10.4393502537 1.10309644232 0.0637561146992 0.420755207539 -0.0396095372461 -0.13849407771 -0.383228786802 -1.77758122661 0.0 0.0 0.0 0.0 0.0 0.0 0.0 0.0 0.0 0.0 
34 0 0 1 4.75782406289 5.78311725897 9.23215988235 20.0653586775 18.3947019325 13.5362288836 12.2121044925 8.3913244032 6.01360175263 1.8625124921 1.58768296066 1.27273866514 0.310862968479 0.0 0.0 0.0 0.0 0.0 0.0 0.0 0.0 0.0 0.0 
35 0 0 0 10.4351185503 14.3596064238 5.77945879702 0.771240576555 1.2553886195 -0.0466675642472 -0.0125022606043 -0.014210019806 -0.0477851388834 -0.899083401117 0.0 0.0 0.0 0.0 0.0 0.0 0.0 0.0 0.0 0.0 0.0 0.0 0.0 
35 0 0 1 5.41088082193 14.6211713175 19.571728846 24.1316241455 22.2679756066 15.4179026169 9.06881454502 4.43576795099 2.23743287876 -0.371504201647 0.0 0.0 0.0 0.0 0.0 0.0 0.0 0.0 0.0 0.0 0.0 0.0 0.0 
36 0 0 0 9.2177275368 6.75089694601 -0.72843872254 0.797019201009 -0.0389836806419 -0.00565337198301 -0.00334278665074 -0.00723147125936 -0.0383156130339 -0.426533030755 0.0 0.0 0.0 0.0 0.0 0.0 0.0 0.0 0.0 0.0 0.0 0.0 0.0 
36 0 0 1 5.91570037249 22.5470738705 27.5803954254 28.9236798752 19.5510405673 16.0255157867 7.0759601258 5.24701234417 2.87856677555 0.541098912547 0.0 0.0 0.0 0.0 0.0 0.0 0.0 0.0 0.0 0.0 0.0 0.0 0.0 
37 0 0 0 9.06036110021 2.21536492696 5.67214633027 7.48356631681 -40.986968182 -11.9790250043 0.837966452219 0.425608125732 -0.0629114238968 -0.148764141804 -0.982521104078 0.0 0.0 0.0 0.0 0.0 0.0 0.0 0.0 0.0 0.0 0.0 0.0 
37 0 0 1 6.56045084222 23.6361254477 30.9232963314 60.0572862231 67.8014581748 52.365893098 38.7777841963 24.5275183333 15.2111144298 8.1935893259 -0.103771714345 0.0 0.0 0.0 0.0 0.0 0.0 0.0 0.0 0.0 0.0 0.0 0.0 
38 0 0 0 8.69181364341 2.62701408237 4.55168677641 -1.73921077261 1.09716495855 -0.0402734233352 -0.0156879411075 -0.0093147108409 -0.00682526601591 -0.00449751698626 -0.00372970224229 -0.00357687855721 -0.00360600091084 0.0 0.0 0.0 0.0 0.0 0.0 0.0 0.0 0.0 0.0 
38 0 0 1 6.4594958817 17.3918381969 28.078321669 29.9917064988 32.4591898293 27.6379575757 12.5023002939 6.30969860963 6.46231184553 6.39186133343 1.34757640674 0.93848421382 0.102179840169 0.0 0.0 0.0 0.0 0.0 0.0 0.0 0.0 0.0 0.0 
39 0 0 0 9.31513257573 2.44429187353 3.59933906094 -3.53038925997 -0.00183237375271 -0.00229008026953 -0.0090924669039 -0.0914595883481 -1.15137450332 0.0 0.0 0.0 0.0 0.0 0.0 0.0 0.0 0.0 0.0 0.0 0.0 0.0 0.0 
39 0 0 1 5.93347144071 22.4317895973 37.9731537167 57.02934774 31.1162624274 18.0291345992 8.34821903611 6.70405606735 -1.52876453471 0.0 0.0 0.0 0.0 0.0 0.0 0.0 0.0 0.0 0.0 0.0 0.0 0.0 0.0 
40 0 0 0 10.1178794631 16.2881465415 9.85359538964 12.0467600742 1.56384627399 -0.20612018057 -0.0148129815822 -0.0211531395728 -0.0784636556513 -0.291297654041 0.0 0.0 0.0 0.0 0.0 0.0 0.0 0.0 0.0 0.0 0.0 0.0 0.0 
40 0 0 1 5.9506172583 7.2849034089 14.4546405678 34.7205799386 30.1105612458 17.7849719523 10.8764784287 4.41613734209 2.62488554789 1.39740711885 0.0 0.0 0.0 0.0 0.0 0.0 0.0 0.0 0.0 0.0 0.0 0.0 0.0 
41 0 0 0 8.89064759347 6.77434613684 1.00821910869 -0.176616010132 2.15689938864 -0.0063224419447 -0.00251517638046 -0.0036507819376 -0.00725170317177 -0.0204129416628 -0.0649993241047 -0.531753802649 0.0 0.0 0.0 0.0 0.0 0.0 0.0 0.0 0.0 0.0 0.0 
41 0 0 1 5.89670361907 16.8628839961 20.9595466846 18.9328763821 16.4817044951 12.4570988617 6.0226002902 2.59137077286 2.31640196809 1.18009755439 1.04532280449 -0.288384839271 0.0 0.0 0.0 0.0 0.0 0.0 0.0 0.0 0.0 0.0 0.0 
42 0 0 0 13.4357557095 33.9178933473 20.7683097287 -1.67509621487 1.37891850452 -0.14889371673 -1.09679740091 0.0 0.0 0.0 0.0 0.0 0.0 0.0 0.0 0.0 0.0 0.0 0.0 0.0 0.0 0.0 0.0 
42 0 0 1 5.36001911591 19.1737854205 42.3755108986 44.7362425389 26.8723127239 15.1177755198 4.30487016588 0.0 0.0 0.0 0.0 0.0 0.0 0.0 0.0 0.0 0.0 0.0 0.0 0.0 0.0 0.0 0.0 
43 0 0 0 8.00263296133 9.01515008913 6.78753278263 5.86563338343 0.598890348938 -2.2003919573 2.65576920387 1.6298129028 4.25028586629 2.48263727688 6.15698076781 4.24290873515 -1.12044667295 0.409791882395 -1.23517799621 0.0 0.0 0.0 0.0 0.0 0.0 0.0 0.0 
43 0 0 1 7.60089605276 20.7965108047 35.1180738783 52.8980313995 72.3461824558 51.8831756341 36.5912339194 27.0778170717 33.9126775111 39.0846893315 51.7000803987 47.6921204443 35.2644753749 16.1773777873 2.92497869762 0.0 0.0 0.0 0.0 0.0 0.0 0.0 0.0 
44 0 1 0 8.90590070432 3.21488872136 1.77210563787 1.5422150752 6.57016201478 0.37999407366 9.91323754906 5.75058392674 8.79529897853 15.3613379464 5.05039069901 7.23379147112 10.4023369878 5.58021207779 8.46091463669 4.47593750752 2.31410774828 3.49111291913 -0.571916442654 0.0 0.0 0.0 0.0 
44 0 1 1 5.42577937666 7.5866563567 11.0278053598 7.66715464986 10.1279035108 11.0247416987 18.0448436727 17.7938555419 17.2760935271 18.777619024 21.6250953816 22.5174438762 21.5518311031 20.5724531965 9.38417457045 8.22378379202 8.45723828591 9.95058499487 2.14471620583 0.0 0.0 0.0 0.0 
45 0 0 0 12.5526214572 20.7481291619 8.17166904836 3.06661616624 2.34004258539 -0.0139646035226 -0.00404113807856 -0.00428917658111 -0.0157258285938 -0.143325062056 0.0 0.0 0.0 0.0 0.0 0.0 0.0 0.0 0.0 0.0 0.0 0.0 0.0 
45 0 0 1 6.30691152448 26.8698254182 42.9111580066 44.7628303067 36.9621207707 30.1722929353 20.491651242 9.30887744534 7.05429262137 1.87377536612 0.0 0.0 0.0 0.0 0.0 0.0 0.0 0.0 0.0 0.0 0.0 0.0 0.0 
46 0 0 0 9.22477057217 5.64894176726 1.70122666049 2.81525838611 0.57219509166 -0.510399243223 -0.015075440945 -0.0166145042688 -0.0265385959588 -0.0489051180138 -0.0948578849943 -0.2103094345 0.0 0.0 0.0 0.0 0.0 0.0 0.0 0.0 0.0 0.0 0.0 
46 0 0 1 6.53869398178 10.9329051539 16.4186251918 23.2170941949 18.7208726943 20.2120138191 14.2848515166 9.33649936168 4.83183748165 5.0357242602 2.7216351868 0.885660405927 0.0 0.0 0.0 0.0 0.0 0.0 0.0 0.0 0.0 0.0 0.0 
47 0 0 0 10.2062977026 11.9574840136 18.7949601788 0.943586372052 -0.03276659311 -0.00862765346062 -0.00648955103803 -0.012894150275 -0.0317797930693 -0.174938931004 -1.70873934853 0.0 0.0 0.0 0.0 0.0 0.0 0.0 0.0 0.0 0.0 0.0 0.0 
47 0 0 1 6.67971433809 31.7623226736 59.716954734 62.5721805699 42.7116277032 25.7438450899 13.1673824797 9.70325940459 7.05740185732 4.07521945711 -1.40738542719 0.0 0.0 0.0 0.0 0.0 0.0 0.0 0.0 0.0 0.0 0.0 0.0 
48 0 0 0 6.18915682224 6.95497122384 3.67261939543 0.934323993414 2.58615089256 2.54698914885 -0.0914844271915 -0.330789050537 0.0 0.0 0.0 0.0 0.0 0.0 0.0 0.0 0.0 0.0 0.0 0.0 0.0 0.0 0.0 
48 0 0 1 9.95596471864 30.1599363043 40.402147319 35.2718793671 36.0638844717 35.5973498405 18.3858677883 9.98714986549 0.0 0.0 0.0 0.0 0.0 0.0 0.0 0.0 0.0 0.0 0.0 0.0 0.0 0.0 0.0 
49 0 0 0 4.51791634544 7.33543430681 11.6417687794 5.11098604776 -1.21837907384 1.18281904726 0.123738581377 1.843564026 -0.23676602476 -1.89815862746 0.0 0.0 0.0 0.0 0.0 0.0 0.0 0.0 0.0 0.0 0.0 0.0 0.0 
49 0 0 1 9.89173929951 21.6063639947 49.7028375394 145.563129972 167.974851914 154.904296302 113.242671005 74.0351371039 48.191698968 19.6988212007 0.0 0.0 0.0 0.0 0.0 0.0 0.0 0.0 0.0 0.0 0.0 0.0 0.0 
50 0 0 0 11.5094958963 13.1002831982 16.5304733807 22.2329600308 59.7529995181 9.36543718666 12.090109357 2.15035396474 6.76393460965 14.9143994896 14.3950574263 13.4139864137 5.6398763804 15.9714577715 21.3251165607 22.8570303665 4.57137319518 5.94438033834 11.2157609381 11.7929300118 6.55443646765 28.8989007434 19.1391529507 
50 0 0 1 4.14689037804 15.2811041391 20.3784769893 41.6859675035 99.7192992409 87.1968604459 76.3128696658 56.6349907656 44.3777147742 36.5957941839 40.801139792 43.175595874 51.7774667515 33.2517457876 45.303756017 68.5558912646 45.8740639602 48.1901664653 25.3543173419 23.4507644509 27.7367420745 30.6962060406 82.3302135841 
51 0 0 0 11.9662656443 15.1245515079 2.95822945935 2.59497561326 0.284791315028 -0.14912162897 -0.120995094161 -0.225798398794 -3.30407799402 0.0 0.0 0.0 0.0 0.0 0.0 0.0 0.0 0.0 0.0 0.0 0.0 0.0 0.0 
51 0 0 1 4.73079917247 13.068406007 24.691966747 29.7443147524 28.7420883149 17.6619557543 9.58139492152 5.33233428541 -1.78626753189 0.0 0.0 0.0 0.0 0.0 0.0 0.0 0.0 0.0 0.0 0.0 0.0 0.0 0.0 
52 0 0 0 11.7631643399 13.225424921 36.1738486665 6.00439034839 -1.38427087587 -0.00770355955304 -0.00694641083573 -0.00714319582942 -0.0267838110402 -0.595669612592 0.0 0.0 0.0 0.0 0.0 0.0 0.0 0.0 0.0 0.0 0.0 0.0 0.0 
52 0 0 1 7.7150453752 13.7841255818 27.6004456206 40.453032343 39.0867722481 22.709209706 12.6293895383 11.6781494131 4.63304682026 1.13364654532 0.0 0.0 0.0 0.0 0.0 0.0 0.0 0.0 0.0 0.0 0.0 0.0 0.0 
53 0 0 0 8.71416446964 -0.12765973191 8.80682913564 2.17601364785 0.337475443255 0.956300055065 0.708088388136 -0.151997838673 -0.396941621801 0.0 0.0 0.0 0.0 0.0 0.0 0.0 0.0 0.0 0.0 0.0 0.0 0.0 0.0 
53 0 0 1 7.37637105537 20.4320909931 26.9379179781 49.2809800759 35.8052111144 29.5885672711 29.8931395245 17.4674022719 9.28204210572 0.0 0.0 0.0 0.0 0.0 0.0 0.0 0.0 0.0 0.0 0.0 0.0 0.0 0.0 
54 0 1 0 8.4784442859 -0.15413702809 2.60556498027 5.7156676987 3.18955706655 -0.20895666855 1.03181544494 2.89847203478 3.24327351007 -0.634828720156 0.105762753807 3.15096521308 0.495695059759 0.455458868245 -0.143527480788 1.92914755196 0.0 0.0 0.0 0.0 0.0 0.0 0.0 
54 0 1 1 5.76364225947 6.57883657482 6.09707606336 9.71660153172 8.11376507422 7.17304957045 6.74900442038 9.68151817018 11.859746405 11.1231085428 6.78965013119 14.2640816016 7.15842967191 6.58564734586 4.58589090006 2.82251968454 0.0 0.0 0.0 0.0 0.0 0.0 0.0 
55 0 0 0 13.1528752314 20.2792191553 26.4752108775 58.2965779833 23.8878415023 7.62557846948 10.4383956492 6.01275703091 4.04056033855 3.96131501541 8.19649616894 19.0934910418 10.6215306918 4.22735062167 3.2277890196 28.8963765862 4.7318664296 3.35489409882 14.8590873923 12.5718118582 12.2894398058 11.2218791473 9.75814363378 
55 0 0 1 5.31238249842 3.79059964996 5.37534901506 28.6612114544 61.496529368 57.7141759448 46.8336025967 38.508081919 29.5423190267 18.5509387939 12.6553307609 25.2573054921 34.3147493856 24.1152214113 18.950680235 45.7374096878 31.3107163958 13.2097537937 18.7624620011 29.1477285583 32.2915241269 68.4091471011 51.0616927475 
56 0 1 0 6.89219573799 1.27023464975 1.93795166445 2.72574324085 5.73870561849 2.58406879094 4.95275587196 4.74106353443 3.94486977585 4.22616700563 5.28254683909 4.88293504944 2.4852618719 2.63460280213 4.57894899145 6.87749144145 10.6068129814 13.163592275 18.8921155374 8.93912460842 18.6425257007 31.2868633899 40.4553061756 
56 0 1 1 4.63978707589 6.29387776242 5.84297019643 9.07465603138 11.610146601 12.3842378263 12.6780795673 15.6657278425 14.1378131162 16.1617562553 21.7880247419 22.6891258936 16.7500697913 24.9738660755 27.03204578 28.8641943068 39.6932576487 44.1277780171 59.5598969428 80.3550183652 103.23724503 131.563783747 180.874046317 
57 0 0 0 8.47057957839 3.55448301225 1.2976959708 -0.212893716869 0.537354678262 0.713371715868 0.235247992234 0.685479916346 -0.503254016536 0.0387100770238 -0.0109673930905 -0.00965853818402 -0.0133879002263 0.0 0.0 0.0 0.0 0.0 0.0 0.0 0.0 0.0 0.0 
57 0 0 1 7.21911708363 12.3768018518 9.9021511266 7.43714470649 8.73421241086 11.4961441903 12.0774051333 12.7079727613 8.53349504508 3.63579580216 1.34836794865 0.88694423207 0.304780406778 0.0 0.0 0.0 0.0 0.0 0.0 0.0 0.0 0.0 0.0 
58 0 0 0 7.38343969383 6.96749815368 13.9304939356 12.8937687466 8.30607532309 0.020200048492 -0.0514094821278 -0.130512467994 -0.887040051391 0.0 0.0 0.0 0.0 0.0 0.0 0.0 0.0 0.0 0.0 0.0 0.0 0.0 0.0 
58 0 0 1 8.54131650878 21.5571070789 43.5999463414 100.485348786 170.586540486 119.177521897 69.202812096 37.5148450863 17.0064026031 0.0 0.0 0.0 0.0 0.0 0.0 0.0 0.0 0.0 0.0 0.0 0.0 0.0 0.0 
59 0 0 0 7.13756208901 6.01886788618 4.72304792096 0.34079455712 1.42558792195 0.764195711771 1.94548306115 0.16837445109 -0.0187077184565 -0.0111853032483 -0.00676094587941 -0.00443801616961 -0.00288492734403 -0.00122415263802 0.0 0.0 0.0 0.0 0.0 0.0 0.0 0.0 0.0 
59 0 0 1 7.36837530542 13.6140232166 16.7579738853 20.901902708 18.5271706267 19.3240329965 15.6384555624 9.15833969312 5.10626851956 4.32062989448 2.34744902401 4.08340283833 2.32129313693 3.95651978293 0.0 0.0 0.0 0.0 0.0 0.0 0.0 0.0 0.0 
60 0 0 0 9.51513676579 8.45179694023 2.81263448271 11.0578720578 7.75912825746 4.45871853118 1.13021270605 -0.132798269678 -0.615950323457 -9.38365467092 0.0 0.0 0.0 0.0 0.0 0.0 0.0 0.0 0.0 0.0 0.0 0.0 0.0 
60 0 0 1 7.44019791441 19.4105385953 31.408063113 79.9045775264 153.398948736 137.933249603 93.1658264334 51.0243928686 22.5326330921 -16.5215590457 0.0 0.0 0.0 0.0 0.0 0.0 0.0 0.0 0.0 0.0 0.0 0.0 0.0 
61 0 0 0 9.40758760663 17.4182156964 31.4481357921 27.3104049307 12.5883680611 12.5530672866 6.59316713108 6.19195240195 2.63777183436 4.99242902187 11.3006370633 1.89485387861 5.50434341969 3.00602593586 1.46492253095 20.8051765363 7.02262607742 2.92522871491 1.45661655118 1.53398122742 2.20089923981 4.47198334779 1.85626099122 
61 0 0 1 5.3900329254 8.57828352504 18.500567506 39.212452993 52.2314554403 45.6130894448 35.0677525042 26.6275235752 23.4058556958 22.2332617934 31.0561288737 27.5925180483 22.2531032268 16.8855340983 14.1169737202 40.3903095937 48.6830268615 26.9868203995 14.159132965 7.08436047193 23.5652601701 14.4032244662 11.6668604347 
62 0 0 0 8.97678698407 22.8541344857 38.15116327 41.0895399398 12.2796805208 21.8635991268 14.3438819021 6.10669764247 -0.175156080266 -0.35044448665 -0.909437759477 -2.46423573118 0.0 0.0 0.0 0.0 0.0 0.0 0.0 0.0 0.0 0.0 0.0 
62 0 0 1 5.2261827924 6.82735048452 10.2383304453 25.4940959317 27.0604352356 21.8843000925 22.339196372 16.0392970137 10.0752155079 4.15889878295 2.22865247071 1.47829524557 0.0 0.0 0.0 0.0 0.0 0.0 0.0 0.0 0.0 0.0 0.0 
63 0 0 0 7.34974226678 3.6012167011 2.78394505029 0.67727838895 -0.0209413529037 -0.00618235846498 -0.00251786179582 -0.00244825757632 -0.00421422767272 -0.0102036002582 0.0 0.0 0.0 0.0 0.0 0.0 0.0 0.0 0.0 0.0 0.0 0.0 0.0 
63 0 0 1 7.45166364546 14.9498617832 28.3982705782 38.4915916073 31.7785290947 21.1526899309 14.1793484664 6.01868034065 2.72664588863 0.411778303653 0.0 0.0 0.0 0.0 0.0 0.0 0.0 0.0 0.0 0.0 0.0 0.0 0.0 
64 0 0 0 8.83255387778 8.60803826505 8.18329702913 5.71014774877 -3.54226192763 -0.455270524879 -0.582775674633 2.00451480696 3.89839127997 0.647508057543 2.20721959085 2.03245568809 3.25870275779 -0.0321006031629 -0.124856698565 0.0 0.0 0.0 0.0 0.0 0.0 0.0 0.0 
64 0 0 1 6.55529858713 16.2660764157 34.5911747679 65.5251692903 71.8957508061 58.3835592584 38.2778001974 22.6462716778 28.9311289863 47.5083913895 40.6469826854 51.2649063444 60.5504861058 35.5903137481 11.6818798153 0.0 0.0 0.0 0.0 0.0 0.0 0.0 0.0 
65 0 0 0 3.03278303245 4.45181211313 -0.203794010969 6.46938720164 -0.37313180569 0.0137711670832 -0.0869299525127 -0.129184920591 -0.273763316777 -1.11009815807 0.0 0.0 0.0 0.0 0.0 0.0 0.0 0.0 0.0 0.0 0.0 0.0 0.0 
65 0 0 1 10.7891873027 18.1512369818 20.0453432648 39.7566983282 50.2733186503 30.7420449342 17.9659413834 10.493621691 8.97786686357 0.175033500964 0.0 0.0 0.0 0.0 0.0 0.0 0.0 0.0 0.0 0.0 0.0 0.0 0.0 
66 0 0 0 9.00736653607 7.21215192166 1.80517040334 2.69982496369 -0.151406811098 -0.348820714936 0.362046300443 1.43335639047 2.34283847299 0.765242193924 1.59751406659 7.55529799589 2.64032331409 0.868351748878 2.07364663515 -0.0297319106475 -0.189663618062 0.0 0.0 0.0 0.0 0.0 0.0 
66 0 0 1 8.1981577071 18.6734726258 22.608773386 23.1809626364 13.3987676523 19.490121798 12.6881231565 9.40699511718 11.8342023376 11.2650907793 12.2978960862 7.5231443053 17.665731955 10.0358759063 8.38186021923 3.63472257759 1.64289431422 0.0 0.0 0.0 0.0 0.0 0.0 
67 0 0 0 8.19027882275 4.32566758539 5.91466920312 4.65216827773 -1.6660014898 1.34967430382 1.57215303691 0.130510495597 -0.0346710327002 0.619243367823 -0.284960352221 0.0 0.0 0.0 0.0 0.0 0.0 0.0 0.0 0.0 0.0 0.0 0.0 
67 0 0 1 7.10138293906 17.6184147164 28.3313518928 46.3980168166 47.8538872222 34.0618697003 20.4311974227 17.4939659609 10.8636211637 6.16674783423 0.764532502917 0.0 0.0 0.0 0.0 0.0 0.0 0.0 0.0 0.0 0.0 0.0 0.0 
68 0 0 0 5.9699035691 10.5095926775 19.0240663025 9.71843784797 -5.87011332565 1.13910743837 -0.140022987795 -0.995130203913 0.0 0.0 0.0 0.0 0.0 0.0 0.0 0.0 0.0 0.0 0.0 0.0 0.0 0.0 0.0 
68 0 0 1 10.0093665179 28.3345714472 59.2500156044 92.2373333933 81.7803554809 67.0874627485 38.7417694941 17.1725676771 0.0 0.0 0.0 0.0 0.0 0.0 0.0 0.0 0.0 0.0 0.0 0.0 0.0 0.0 0.0 
69 0 0 0 9.58011152421 10.3069194815 10.3850139919 -2.14321720015 -12.0180647922 -0.112342348851 -0.111803619006 -0.36850449822 -5.31588450553 0.0 0.0 0.0 0.0 0.0 0.0 0.0 0.0 0.0 0.0 0.0 0.0 0.0 0.0 
69 0 0 1 6.07460398104 14.9968222068 41.8946504866 99.5934058596 72.6577369968 42.7990941776 25.7474359207 13.5212710725 -4.29560705665 0.0 0.0 0.0 0.0 0.0 0.0 0.0 0.0 0.0 0.0 0.0 0.0 0.0 0.0 
70 0 0 0 10.6273482854 16.4660892689 8.64887784233 1.3060563062 3.29552123141 1.62052242601 0.238227539467 -0.115442529163 -0.22410790734 -1.35394304229 0.0 0.0 0.0 0.0 0.0 0.0 0.0 0.0 0.0 0.0 0.0 0.0 0.0 
70 0 0 1 6.13542630501 18.5531357112 47.6974814914 49.611517377 49.4945022922 35.0519160372 29.9174607204 18.2433839022 11.1123933404 2.93045121399 0.0 0.0 0.0 0.0 0.0 0.0 0.0 0.0 0.0 0.0 0.0 0.0 0.0 
71 0 0 0 14.3905358554 13.4812698218 17.5836637514 19.480473312 33.0998889147 27.4473010461 43.7328375301 41.6210928499 22.5109098986 12.2737753974 15.1944411971 27.1188246901 22.2426420413 8.06656431681 40.6646093571 16.8680363474 28.9747764655 7.54507908059 8.82458462429 1.49082912859 8.1168466176 11.944216492 17.4773590562 
71 0 0 1 4.15286936653 8.1126601108 12.183910481 20.9934501043 52.3522683087 58.6867415753 80.5723878414 100.261593329 89.6296356836 76.6184102216 62.6117676869 64.6396313582 69.0156331219 58.4963032272 101.259218252 100.874737351 87.7681776315 60.4580738896 34.3183362717 13.1338368215 16.2155153986 28.0451679654 44.7733287077 
72 0 0 0 8.72299553063 11.0568669092 2.8586208399 2.19003336297 -0.0401921265293 -0.0282544901909 -0.0297648558989 -0.132707678148 0.0 0.0 0.0 0.0 0.0 0.0 0.0 0.0 0.0 0.0 0.0 0.0 0.0 0.0 0.0 
72 0 0 1 7.62075984577 15.4193949086 21.1873626523 36.4192902134 25.0479729934 10.1816040211 6.42786479887 1.94412294277 0.0 0.0 0.0 0.0 0.0 0.0 0.0 0.0 0.0 0.0 0.0 0.0 0.0 0.0 0.0 
73 0 0 0 9.95457822452 7.21070228029 8.39494506081 8.59171412285 0.962722488297 1.00172886776 -0.0528999795116 -0.0430548604468 -0.180385887337 0.0 0.0 0.0 0.0 0.0 0.0 0.0 0.0 0.0 0.0 0.0 0.0 0.0 0.0 
73 0 0 1 6.47161234191 17.2820841075 25.9503282194 67.344220449 64.1154166406 44.0220130446 34.4793485685 17.8509763588 8.52922777697 0.0 0.0 0.0 0.0 0.0 0.0 0.0 0.0 0.0 0.0 0.0 0.0 0.0 0.0 
74 0 0 0 12.0630058161 9.23852678883 33.7104428352 11.9762836916 29.9151366491 0.0 0.0 0.0 0.0 0.0 0.0 0.0 0.0 0.0 0.0 0.0 0.0 0.0 0.0 0.0 0.0 0.0 0.0 
74 0 0 1 6.4768303652 22.8535237227 48.1018696136 86.6700169598 82.8209721299 0.0 0.0 0.0 0.0 0.0 0.0 0.0 0.0 0.0 0.0 0.0 0.0 0.0 0.0 0.0 0.0 0.0 0.0 
75 0 0 0 12.024333162 10.2495660824 17.0981568505 7.75558754462 6.74395937871 -1.09462428402 0.441610375486 0.435767273558 0.317122530011 -0.128818801554 -1.4717885748 0.0 0.0 0.0 0.0 0.0 0.0 0.0 0.0 0.0 0.0 0.0 0.0 
75 0 0 1 5.93304970299 14.0108849227 21.2701705166 35.2925100204 33.7502229382 26.6402659012 18.3088344267 12.0688925152 9.83472552462 4.14154609306 0.423825657969 0.0 0.0 0.0 0.0 0.0 0.0 0.0 0.0 0.0 0.0 0.0 0.0 
76 0 0 0 9.14348218207 17.5497026778 15.1568936386 8.01188948573 0.672901053052 -0.102367758513 -0.346499230638 -7.72769683923 0.0 0.0 0.0 0.0 0.0 0.0 0.0 0.0 0.0 0.0 0.0 0.0 0.0 0.0 0.0 
76 0 0 1 8.78217060853 29.9851757049 51.2416572909 69.6797812842 54.0331834601 32.0183906859 15.8749720175 -5.53627178954 0.0 0.0 0.0 0.0 0.0 0.0 0.0 0.0 0.0 0.0 0.0 0.0 0.0 0.0 0.0 
77 0 0 0 6.65986035635 5.51718397978 3.5621628521 -0.382428435524 -0.0123203593679 -0.00438846438703 -0.00166213994101 -0.00099455590829 -0.000795961109824 -0.000731658439667 -0.000723099154976 -0.00089050759499 -0.00116367292602 0.0 0.0 0.0 0.0 0.0 0.0 0.0 0.0 0.0 0.0 
77 0 0 1 9.20833289091 24.6727689114 35.7405781757 32.5566125915 17.7098084052 10.3483416722 7.34677234656 4.90416696233 3.27792299627 2.49245544543 1.36178507831 0.748461195135 0.208968836286 0.0 0.0 0.0 0.0 0.0 0.0 0.0 0.0 0.0 0.0 
78 0 0 0 11.0918431273 10.2797194897 16.63343879 16.0034294409 0.345607278758 -0.0300144541162 -0.0125280869039 -0.0169382350536 -0.0433603638841 -0.193709084924 -1.666810203 0.0 0.0 0.0 0.0 0.0 0.0 0.0 0.0 0.0 0.0 0.0 0.0 
78 0 0 1 5.3032773719 16.9211252889 39.319114189 102.616652508 82.7124579757 52.7250795246 35.4722906725 18.0829478288 12.6762496378 8.1836830989 -0.732658016729 0.0 0.0 0.0 0.0 0.0 0.0 0.0 0.0 0.0 0.0 0.0 0.0 
79 0 0 0 7.92354171474 8.27626487204 3.8597744901 -2.00319894299 -0.137343531151 -0.019807526236 -0.00451353851724 -0.00209515266906 -0.00275205937957 -0.0105246466241 0.0 0.0 0.0 0.0 0.0 0.0 0.0 0.0 0.0 0.0 0.0 0.0 0.0 
79 0 0 1 7.57974923524 23.5667914306 37.6423704105 45.9050601778 25.9487946071 16.1339694925 12.116548901 7.16972675133 4.39533646136 1.0794815286 0.0 0.0 0.0 0.0 0.0 0.0 0.0 0.0 0.0 0.0 0.0 0.0 0.0 
80 0 0 0 8.34102043935 7.38190780522 5.20853527987 2.24439083649 9.95665008319 0.0 0.0 0.0 0.0 0.0 0.0 0.0 0.0 0.0 0.0 0.0 0.0 0.0 0.0 0.0 0.0 0.0 0.0 
80 0 0 1 8.2002977258 24.1641337437 35.7712796329 59.5245253054 79.5062942295 0.0 0.0 0.0 0.0 0.0 0.0 0.0 0.0 0.0 0.0 0.0 0.0 0.0 0.0 0.0 0.0 0.0 0.0 
81 0 0 0 6.62210202302 5.04191264087 1.73661371039 6.88964519914 3.18934601861 -0.991966540097 0.115359143864 0.66475170404 0.908285740644 1.04939848405 1.17819075842 0.0284974439244 0.329942636099 -0.0845370664613 0.0 0.0 0.0 0.0 0.0 0.0 0.0 0.0 0.0 
81 0 0 1 8.51177645039 19.6288139123 25.6933338873 35.2173442408 47.2519573864 28.7851658087 21.0422543221 20.3601269761 23.7550917736 16.4973919497 15.6136084254 9.97629076758 4.96981180034 0.347412871231 0.0 0.0 0.0 0.0 0.0 0.0 0.0 0.0 0.0 
82 0 0 0 6.88448765404 7.95680777442 0.158239839932 4.366889873 4.66226732592 3.43047208281 0.216562519783 0.299279306515 -1.86931354563 1.86614560314 3.30116944658 -0.02396388208 0.369773008347 -0.0163624907055 10.8375713058 1.68273464604 1.32429954644 3.71984279567 0.259892860685 0.988063146123 4.49766146015 -0.394104397964 -2.08269134471 
82 0 0 1 7.39756064152 13.8949948672 20.8811618278 30.9201241224 40.6555590846 29.2509759954 26.7633007721 26.284935671 26.8807183083 22.0045160338 21.4130959029 13.107815588 9.58644600896 4.2906075312 39.2370956258 34.5151741997 25.2063207237 37.703123441 36.0655628293 32.710412146 46.9425850771 33.0367907925 34.9046708921 
83 0 0 0 7.71790096797 2.03932509042 4.9802371329 4.98426085165 -1.65423677423 1.61303187063 -1.78650249131 -0.0585193675355 -0.0779376739377 -0.358942945434 0.0 0.0 0.0 0.0 0.0 0.0 0.0 0.0 0.0 0.0 0.0 0.0 0.0 
83 0 0 1 6.66827822824 19.1927967895 27.3078527925 32.2892490933 40.7982878911 41.2072782511 25.3947096829 14.6288103993 9.33229839256 3.64813047966 0.0 0.0 0.0 0.0 0.0 0.0 0.0 0.0 0.0 0.0 0.0 0.0 0.0 
84 0 0 0 10.2665497894 10.1682879364 1.82291184113 -0.354964610281 0.715661246076 -0.0343686763797 -0.0169099510826 -0.0189100986083 -0.0475642466265 -0.272053501121 0.0 0.0 0.0 0.0 0.0 0.0 0.0 0.0 0.0 0.0 0.0 0.0 0.0 
84 0 0 1 8.04770424461 27.7674844044 38.0581794826 46.5895491703 35.7689953048 27.5801812382 19.5425022022 12.9804406282 6.47358890806 1.89236576567 0.0 0.0 0.0 0.0 0.0 0.0 0.0 0.0 0.0 0.0 0.0 0.0 0.0 
85 0 1 0 5.82446156157 0.241788548723 -0.552273289135 0.823740324391 0.575672207174 0.833130211648 0.120268382021 0.454381672044 -0.611185823899 -1.23058356019 1.68982380836 0.0215832097092 0.360976420125 0.244367853572 0.507071757384 0.209354352741 0.0 0.0 0.0 0.0 0.0 0.0 0.0 
85 0 1 1 8.11029087653 9.26787633029 8.54235772447 9.77530683598 12.9803869718 12.285822021 7.95833769332 5.3269177192 6.41477065873 6.26344111324 5.81054225678 3.04450960748 4.69754351646 3.0627992264 2.49074309609 1.06143454617 0.0 0.0 0.0 0.0 0.0 0.0 0.0 
86 0 0 0 11.7823910601 19.7225001442 22.44527066 2.91095127724 0.0648895038303 0.762794735765 -0.0104969042717 -0.00935389629508 -0.022197968913 -0.146976250176 -1.83532667164 0.0 0.0 0.0 0.0 0.0 0.0 0.0 0.0 0.0 0.0 0.0 0.0 
86 0 0 1 7.12490426951 18.2517702537 34.4550816584 44.8447148439 51.4648699632 40.6487704095 20.451648224 13.7313455818 7.53035295238 3.27910109324 -0.685060365371 0.0 0.0 0.0 0.0 0.0 0.0 0.0 0.0 0.0 0.0 0.0 0.0 
87 0 0 0 12.6151219278 19.5317294522 20.2916909196 2.94407288561 -0.490823704417 0.11335364647 0.917773600013 -0.135860645097 -0.320806404752 -2.49028745196 0.0 0.0 0.0 0.0 0.0 0.0 0.0 0.0 0.0 0.0 0.0 0.0 0.0 
87 0 0 1 5.25310171469 10.2658222926 19.6245273435 31.8718255828 31.4559771821 22.3768810428 14.2424664194 6.8274615024 3.65256622915 -0.865898901453 0.0 0.0 0.0 0.0 0.0 0.0 0.0 0.0 0.0 0.0 0.0 0.0 0.0 
88 0 0 0 11.953467571 6.37657542088 7.38305872566 10.3474976326 0.970349094466 -1.06190960974 0.79477504941 -0.0773711919686 -0.0622662768004 -0.259371113332 -1.57241576514 0.0 0.0 0.0 0.0 0.0 0.0 0.0 0.0 0.0 0.0 0.0 0.0 
88 0 0 1 3.22953260394 12.0463044159 18.3388907439 39.4386964645 26.9861866516 22.6994297433 15.2041985631 5.6334086559 1.76324894723 2.4202442155 -2.06683878235 0.0 0.0 0.0 0.0 0.0 0.0 0.0 0.0 0.0 0.0 0.0 0.0 
89 0 0 0 9.2877949599 3.44748997425 5.79185611192 1.91740539791 21.8935036431 12.5240154685 -0.375605665962 -0.524443543407 0.0 0.0 0.0 0.0 0.0 0.0 0.0 0.0 0.0 0.0 0.0 0.0 0.0 0.0 0.0 
89 0 0 1 5.34635705376 20.8100820429 28.0139484467 69.7967382276 87.8670055007 72.0265892496 42.7246718741 21.5396673548 0.0 0.0 0.0 0.0 0.0 0.0 0.0 0.0 0.0 0.0 0.0 0.0 0.0 0.0 0.0 
90 0 0 0 8.43541544638 5.27236650922 3.86622916211 1.30337239083 -0.47613489284 -0.173991875188 -0.00941253642743 -0.00215512554991 -0.00132551340478 -0.00195252847786 -0.00727907962789 -0.0320313331923 -0.214595310681 0.0 0.0 0.0 0.0 0.0 0.0 0.0 0.0 0.0 0.0 
90 0 0 1 7.45167606027 15.2680296781 15.5104239817 19.9215195767 16.7633312046 18.3888076348 13.4655542367 14.1607728485 9.76052940051 3.17135139259 2.36535962945 0.832255537571 0.287159792125 0.0 0.0 0.0 0.0 0.0 0.0 0.0 0.0 0.0 0.0 
91 0 0 0 10.5811426152 13.4284199455 18.9062292633 3.98256919356 1.91608964046 0.748261303139 -0.0367955588927 -0.0149383634298 -0.0147546831117 -0.046925873598 -0.199354842227 -1.65759987233 0.0 0.0 0.0 0.0 0.0 0.0 0.0 0.0 0.0 0.0 0.0 
91 0 0 1 6.32938942643 13.6491180836 27.1172017244 41.8814081472 31.1888264828 23.9169150259 17.9399923834 16.3305033731 8.45322455694 5.01748286956 3.44956249144 -0.40582353446 0.0 0.0 0.0 0.0 0.0 0.0 0.0 0.0 0.0 0.0 0.0 
92 0 0 0 6.91896271731 2.50497045955 -0.642873999386 0.0614427193301 -1.74350897269 -0.00573968566013 -0.000371051035922 -2.37842713426e-05 -2.90644263525e-06 -5.83499796905e-07 -1.44842963661e-07 -4.42252741796e-08 -1.21268840583e-08 -1.15199258027e-09 0.0 0.0 0.0 0.0 0.0 0.0 0.0 0.0 0.0 
92 0 0 1 9.20304524519 18.5557028229 20.0187574284 19.0577407879 20.5713031863 9.71980673121 8.27235269923 8.55589460662 3.29644175422 1.17305251049 0.493539477448 0.22933903211 0.789718931357 0.0472939525815 0.0 0.0 0.0 0.0 0.0 0.0 0.0 0.0 0.0 
93 0 0 0 10.2753745594 31.8907459074 46.5678498678 20.221784913 1.66991213723 -0.0456686340772 -0.0930972540807 -1.19096617958 0.0 0.0 0.0 0.0 0.0 0.0 0.0 0.0 0.0 0.0 0.0 0.0 0.0 0.0 0.0 
93 0 0 1 8.63033824719 35.1247162564 79.3764754202 166.200327197 117.185769413 74.0686005514 39.3044740437 19.8199008763 0.0 0.0 0.0 0.0 0.0 0.0 0.0 0.0 0.0 0.0 0.0 0.0 0.0 0.0 0.0 
94 0 0 0 9.23165284663 7.59773266373 4.27756895108 0.910983926551 4.24793402378 0.0253041908899 -0.0220142367506 -0.031051191939 -0.111521628201 -0.505930739793 0.0 0.0 0.0 0.0 0.0 0.0 0.0 0.0 0.0 0.0 0.0 0.0 0.0 
94 0 0 1 5.97041441966 15.1687585117 20.6164844244 26.1571305328 24.6440148346 17.4604597323 11.5054428409 6.11405033788 4.14881928666 2.80675422537 0.0 0.0 0.0 0.0 0.0 0.0 0.0 0.0 0.0 0.0 0.0 0.0 0.0 
95 0 0 0 8.06168182286 25.5953487637 19.9584222753 1.07743282493 -0.427222986445 -0.0819923371078 -0.0152836815416 -0.0433920967905 -0.331287254415 0.0 0.0 0.0 0.0 0.0 0.0 0.0 0.0 0.0 0.0 0.0 0.0 0.0 0.0 
95 0 0 1 6.76002334487 18.7185636873 46.0102418206 55.0724936867 38.727381247 23.7577506422 12.6637121804 7.7580081815 3.24786807693 0.0 0.0 0.0 0.0 0.0 0.0 0.0 0.0 0.0 0.0 0.0 0.0 0.0 0.0 
96 0 0 0 12.938755183 30.3507917151 59.3555100341 95.157040156 69.3104030422 3.1677046628 9.47160341112 12.39368576 12.6355751695 15.4487667188 22.7658367028 24.078267832 20.7059538363 7.35113290259 20.1438926686 27.231912039 11.0307854832 10.4120679012 25.7750348025 80.0804353102 34.730007893 14.0624108352 10.8861549405 
96 0 0 1 5.22427780034 9.53152276554 21.6509963661 84.8648900204 138.498891297 122.979065237 84.0152104889 65.4314406081 57.6050883685 44.3580018608 42.4675526875 52.6696171742 65.6885398886 72.1095557797 76.7877809686 81.0661854984 57.7429288814 33.9039092187 49.301921435 105.909698023 107.170990501 63.3402474379 56.4534972156 
97 0 0 0 8.40426697905 10.0713837973 3.71933169434 1.23609208011 0.623966744442 -0.575632134885 -0.173035614918 -0.095699292752 -0.095026615268 -0.149940420166 -0.330705987807 0.0 0.0 0.0 0.0 0.0 0.0 0.0 0.0 0.0 0.0 0.0 0.0 
97 0 0 1 6.94814888912 11.5488745533 16.3453141941 29.7919101285 39.1624781084 36.9389619344 21.8133385872 11.4233990376 5.28968291167 2.5454625902 0.975359367919 0.0 0.0 0.0 0.0 0.0 0.0 0.0 0.0 0.0 0.0 0.0 0.0 
98 0 0 0 9.58334900061 2.92497235273 10.7650061273 0.373866280107 -0.0020542173042 -0.000332759732032 -0.000166779476224 -0.000123766419806 -0.000278623856029 -0.000803153261995 -0.00333191138901 0.0 0.0 0.0 0.0 0.0 0.0 0.0 0.0 0.0 0.0 0.0 0.0 
98 0 0 1 7.51441996708 21.9165869369 29.7273284365 34.9161296944 19.332620601 14.3574879796 5.95065388061 4.5473477298 1.42641844295 0.55067874835 0.57931718436 0.0 0.0 0.0 0.0 0.0 0.0 0.0 0.0 0.0 0.0 0.0 0.0 
99 0 1 0 8.78260510224 3.25146002207 0.0948065462264 -0.739430357696 0.879383818704 -0.0316608581717 2.02438267931 5.06716701656 1.27897457362 1.58614948309 0.512773902973 1.35563361679 3.90144139974 2.21962717426 5.70718259795 4.8502656538 5.8084766288 7.44837310345 5.31005206505 11.162409241 10.4002787882 23.224962815 25.5777296281 
99 0 1 1 5.46546481863 6.08625659626 6.50202128637 7.45024084238 5.8389201892 7.00013075271 13.6002189787 15.7188233477 18.2486288099 19.8187192924 22.1213489909 22.3312163626 27.8892613613 25.6637412134 33.1641271692 56.7373902119 53.2823765071 72.3756763104 93.8850098373 108.515072278 136.010838366 179.898523808 207.940072341 
