0 0 1 0 8.49903714894 2.95694384233 2.74325299994 0.0124292573198 0.08077750375 0.529388728123 0.00404055046437 0.30934508409 -0.75434619479 0.12136846437 0.238985750502 2.6132195507 1.12321992156 1.60767161492 2.28118758895 2.44917736389 3.14815031163 2.09042481643 6.46934152961 4.75617217373 11.2360467463 11.1061277869 13.8742872602 
0 0 1 1 5.45717419208 7.17979699187 6.41189073019 6.40361016863 5.56796463816 5.82086435977 5.04049613358 5.98553006872 5.60985928615 8.09030073056 9.16409090137 10.8155972292 11.108267142 13.621784793 16.0275628794 16.5176238386 19.2644810623 28.4263013377 30.875126102 47.3210700197 60.8604387626 89.2505866184 115.281751254 
1 0 0 0 12.7696627265 17.4649867386 44.8907269651 20.4691475536 26.1868508141 25.0560950402 -9.46729147964 7.54258078616 -3.34112717549 5.60116794681 3.52656136903 8.00448997296 9.54791151074 11.2963450158 11.8838724658 5.83912187517 11.891443724 7.39245035434 3.45221454261 7.25422499299 4.28625962908 -0.215776998735 -21.0859056833 
1 0 0 1 5.25417187491 13.029338193 19.1842409026 69.6409502331 93.8298791324 92.4629115143 57.6851690075 56.7095065522 50.244440084 36.2626969336 34.287960765 27.8682603291 31.4664482455 60.7192126532 70.963776945 52.6072920808 50.2610327982 34.5173934126 42.6097453468 45.9535055487 28.3242586546 8.65970211205 -11.0180281381 
2 0 1 0 6.85663823696 3.11295146524 2.02127433338 1.04555776787 2.11485498399 -0.0809834779092 0.220782933615 3.03399602501 2.36442985113 4.48043108992 2.01653451349 -1.06611679612 0.563259847267 -0.224789772997 3.29167904711 0.890175294721 6.98065714158 11.1116784184 12.8058837853 16.8489392265 18.1561800751 22.5035380898 11.1644719559 
2 0 1 1 4.52802525476 3.94319469228 4.22718038717 4.15619861276 5.8738281565 7.68974124111 9.16378017059 8.57944643868 6.94196980886 5.52564475166 6.86453417582 9.43353103878 7.49221452047 9.52588686343 12.2167715737 17.9546887687 27.1549160796 30.0649267037 39.2416346819 51.9914297005 64.3308966765 72.7098893058 77.2292924127 
3 0 0 0 8.94547106819 5.62974146714 5.48107546307 3.48751284294 9.14109124334 5.0756644583 6.67358513227 2.40196177383 5.84975560578 1.39698168744 1.07849209185 1.01872275458 2.5314695134 0.376110323053 -0.217754176598 0.0 0.0 0.0 0.0 0.0 0.0 0.0 0.0 
3 0 0 1 7.09288861193 18.1614568763 26.6530542668 77.464326328 93.3197738825 126.119662379 134.007214803 132.307191655 130.660188589 129.585341702 88.0096061675 66.8607702978 85.422862114 58.4212439309 24.7456580272 0.0 0.0 0.0 0.0 0.0 0.0 0.0 0.0 
4 0 1 0 7.89850883562 -0.419420187359 0.122123804743 1.38352635478 -0.293055473485 0.372682847201 -0.218355267445 0.0872330886101 0.821647371548 0.845376901175 0.512257052595 1.12309099906 -0.941506232762 1.01461985177 0.290438571629 2.37601282343 1.09154150003 1.4588525356 -0.435016698627 -0.297349540413 0.901262397331 0.985068235436 2.40829053288 
4 0 1 1 5.87215174718 7.41354642104 7.06050424444 7.76223295631 8.76546608009 11.095650903 11.3597641461 11.0227665602 14.0326491903 16.9690366901 17.4941652922 20.6812476336 20.3238473247 25.94894843 24.9366125543 24.3972222853 25.5508541656 26.419306616 24.6099237454 28.1811305973 34.2063983814 34.3374875954 38.6715357946 
5 0 0 0 8.82324706901 1.90483706617 3.61285744506 3.89116418641 1.64102011376 2.06216419668 3.88190205695 4.74898303293 4.22832634595 2.82189710725 3.39255271505 1.33422451667 2.44047965998 6.2923159118 3.86038752884 4.42005336574 3.96352227138 6.04822115955 5.03759351016 0.696426835046 2.28723425329 0.853111251232 1.13611778473 
5 0 0 1 7.47677282508 15.8477441971 18.4272904398 30.6448176515 37.2223695806 42.5944397681 39.70039313 53.6260843566 58.1623029108 71.6027075532 75.5696502735 73.0562956864 50.8733993731 50.6059037762 47.109106483 51.4648737917 59.0432961864 57.9420938976 58.6641041389 50.4383528577 47.9122635592 37.5902644715 58.6339285574 
6 0 0 0 8.30819314676 6.63904980716 4.97865045593 -0.405709460606 -13.278549875 11.8820658631 -7.18393934405 2.41149764553 -3.59495052449 -0.128042437632 -0.586194738834 1.42040434709 3.13735603904 4.72741272503 3.15196814079 -0.249702781641 5.39864480286 3.06745599048 0.0 0.0 0.0 0.0 0.0 
6 0 0 1 6.70837968935 17.4369047197 29.0712373752 78.0979054839 88.3178146867 73.9194991578 60.7399888343 59.4213800014 42.7679221846 26.8730095137 16.311307704 10.6192565301 15.7013111382 56.0628497586 49.3700732496 30.0020466563 48.6244128937 85.2592695217 0.0 0.0 0.0 0.0 0.0 
7 0 1 0 10.5115858191 1.65531250141 2.41640567646 0.0742275827874 3.91447976556 1.30715548808 3.22218602294 0.812299919861 -0.0429402082765 3.21633002167 3.50975320573 1.53787111266 4.68928757392 4.55586121794 13.7554285846 8.05874646019 12.1840861806 5.84897593614 6.77711863661 11.6805028656 21.0563737902 23.6070054465 20.1233366014 
7 0 1 1 4.75833551861 11.6847070534 11.7468388094 10.7145113474 6.30519978723 8.62878261896 8.05080670774 8.63078058365 7.61769495761 11.7423630724 16.643408487 12.2584339992 15.4027749113 33.3467650785 35.2139801199 39.1223313005 41.4381848199 47.7734639436 42.9234057578 51.3571852977 62.3235685034 62.1986307805 65.4819160038 
8 0 0 0 7.15679694187 8.70992537274 14.5122999958 19.2040323681 9.88713701573 4.08318460336 2.92946492633 3.62298520512 8.04123656547 6.46085814928 -0.275324056523 -0.400888028399 -1.62782735518 0.0 0.0 0.0 0.0 0.0 0.0 0.0 0.0 0.0 0.0 
8 0 0 1 6.79139537563 19.6297080353 36.4555236789 128.832677638 209.321559311 178.020378978 135.73330148 105.712730635 109.827564714 104.954775385 76.5938019253 50.4286421154 27.6238883601 0.0 0.0 0.0 0.0 0.0 0.0 0.0 0.0 0.0 0.0 
9 0 0 0 6.45120837694 10.1667773566 11.8472861902 2.89405933698 2.119202522 0.547492443523 0.547501380224 -0.60095738251 1.60124711123 -0.387211864447 3.34144236124 0.0886745401893 0.631963438754 0.770715276381 -1.93724110835 -2.18529627142 7.08941982952 5.05784697128 0.693453319368 2.20509479397 -0.267351766953 -1.78067049534 0.0 
9 0 0 1 9.52832219224 26.4764146956 41.075209201 79.1831187741 83.8592826 47.8800256319 37.8852570091 24.1120067572 21.7988167063 26.5975804696 42.3659748094 36.1926537523 34.7807798154 25.0341040947 32.6618043588 27.7873609425 57.1505943137 59.2351608026 42.0441426403 52.5924661464 18.8013887435 -3.0112038343 0.0 
10 0 0 0 11.2210269636 25.5183083565 55.40422172 78.6067937537 15.5996320118 4.84343424558 1.20199315073 6.26742448486 13.0322854015 18.0708045397 17.7316387882 1.22388130856 21.1024654892 14.4195950616 26.8771590833 24.1594972308 5.27733969771 0.254291602433 45.8894398629 9.68805744025 18.2968659588 11.5001069687 10.5651092817 
10 0 0 1 5.1313602867 15.3264056098 51.8945242804 259.083001453 260.473574167 181.319801624 125.582435416 91.0389951415 100.88101639 144.301328845 157.886759289 129.921861037 104.97369299 106.027569935 184.836318093 152.042878339 151.705360802 81.129499467 163.974749973 171.382511899 138.576270858 181.977654725 159.136979647 
11 0 0 0 8.10504265297 8.08800549739 29.0297292535 13.7996132626 7.89978127492 2.26942637557 0.860285457988 -0.655540934151 3.94171088692 14.2846035001 17.3001548659 6.55853730171 -1.58817031221 -0.472282319259 5.58667520373 -2.20848507791 2.1747272835 4.97299660193 1.38979477981 8.51205783611 11.2177947506 5.23275485763 17.6271070017 
11 0 0 1 6.96823837227 19.816543526 58.3635204433 145.112746028 144.673858945 114.644793169 69.3771613967 45.0598619105 36.5170495483 72.0225110696 134.364008768 127.374470031 86.2079739827 52.8614793159 92.5669170258 81.2613519081 51.5451888068 58.570769924 75.7872319217 70.9404705634 67.2486418098 53.3092790719 118.795608352 
12 0 0 0 5.52179096236 -0.608866916002 2.1854832913 2.54851467244 9.3289369774 4.77340100389 5.11775202625 2.53775487124 0.155759819695 3.08790461067 5.32938708781 6.38783187376 0.0869871017242 10.9931381763 -0.783975523231 -1.0382701508 4.27713390212 1.90063383753 1.31193963175 1.47815719971 7.65017597184 5.17729545822 4.20394073059 
12 0 0 1 9.23228999251 16.7175444812 24.5767652821 37.2117323753 113.84686834 145.212876172 102.6471633 84.3100224115 81.2321792487 82.4497875885 97.0683196407 93.767490314 88.5483110638 93.1552500695 97.1386963943 82.3056537179 96.4957775461 93.2345892202 82.7355649211 80.7401647266 88.8584884039 95.0392998095 73.69966003 
13 0 0 0 9.10438923842 6.57964327837 5.98885542358 6.86435417547 -0.783617697151 2.64083331807 2.46741789675 1.117723177 0.507634491875 2.06258696715 0.792634935916 -0.17501875254 -0.0456487912685 -1.40366071625 0.0 0.0 0.0 0.0 0.0 0.0 0.0 0.0 0.0 
13 0 0 1 6.80045517578 23.8011728786 45.8459068129 117.261429705 148.807364304 101.639431823 69.1545115215 63.0192634919 65.632350439 71.2938007782 49.0813113159 31.9710535579 22.9683520317 -1.94515737389 0.0 0.0 0.0 0.0 0.0 0.0 0.0 0.0 0.0 
14 0 0 0 12.7776528657 5.70376646388 13.3699293959 24.2843372657 6.22569129241 1.72321547851 -0.228949634222 0.947502697028 5.92365467526 0.142185178423 7.33393726709 5.04194912096 7.930067892 1.40115946232 -0.170990400052 -6.63190700352 0.0 0.0 0.0 0.0 0.0 0.0 0.0 
14 0 0 1 4.6517369792 16.3727719288 26.9112025981 81.7191307324 168.89210532 130.103060515 90.4058177953 74.1553730813 62.6108375417 62.1666532737 54.0861233414 74.8805351416 88.0784450856 77.9422094427 22.2126545821 -8.06400585425 0.0 0.0 0.0 0.0 0.0 0.0 0.0 
15 0 0 0 9.48944186645 32.9737013245 53.9589605944 37.3830509879 5.39403299086 2.30956011533 0.385293571544 4.95209034852 1.50121843546 26.9305426179 22.7221620843 5.61243666874 5.63602820304 16.6261331973 10.1484861647 8.00654178662 5.65707492675 27.5945075372 2.57270610724 31.801130017 1.5301912571 4.10384791774 9.19927055726 
15 0 0 1 6.33846377789 17.4474411948 61.3974724335 253.606760113 229.953405468 149.781472102 104.353872761 83.3536266119 93.9595594525 119.550559436 217.287385626 176.136032226 127.231071872 101.958669886 147.824734785 117.082283359 137.315073107 122.501182853 82.4674256185 122.092788113 163.10494954 100.436408315 80.1573964644 
16 0 1 0 10.2219348414 8.2566436252 7.41808068876 3.2545200561 7.63682884731 5.00685172911 6.17074659086 9.03287811059 9.55544763422 7.21677751573 7.8916703973 4.76500664514 11.3354179055 12.8992008689 18.4952673621 25.0250927512 28.6060504014 29.4280211358 29.7766128831 19.3294824954 28.3501594883 28.0019406618 32.5454134745 
16 0 1 1 5.50435367753 7.36449822879 7.87037306038 18.2124399573 10.6556032991 15.4505085325 17.880661145 27.1330555826 26.6804635012 24.466595057 25.5495860017 26.9734174866 25.0008383261 25.9773242044 39.0534549699 52.7417870671 60.2818413531 73.9777118586 76.0017447765 49.2267134519 58.5818195109 62.9812158946 85.4342797397 
17 0 1 0 6.33279842374 2.0061854394 2.0168123931 0.349484052072 0.0175576649244 0.845474685725 0.348194498387 -0.644903009587 1.50472578357 2.07078959194 -0.229739475795 0.668764362965 0.667509993013 0.392689164191 1.05455853278 0.478142855384 -0.800691808689 2.75456705963 1.98167540576 1.83036180812 2.71274792013 -0.753896677004 3.498724054 
17 0 1 1 6.28901201632 7.83875490634 8.40537304935 13.0229516604 13.5561380937 14.5157788012 15.0775208429 19.4769884904 22.6614268147 22.3767580643 23.4475517467 24.3397176795 24.8471367662 25.7749286803 29.1624910542 31.4079090384 33.6885416327 40.0059013645 38.0372143709 41.3047618654 42.8053263315 49.7130554012 53.7827152199 
18 0 0 0 9.63390402136 17.3674026671 16.5809567187 24.9793842007 9.99751619962 6.76228132464 1.31143928623 -2.97336852765 -1.84193354932 2.05778840269 8.83960349561 6.30434633635 3.54028594309 5.99880722398 3.11915533442 13.479412274 2.00206084829 1.98356491304 28.2974731487 3.30792569534 3.02704845572 9.47328655474 4.15424747793 
18 0 0 1 4.61498749611 14.0929390871 41.460779619 143.880154071 226.526793399 212.663894361 181.755979117 124.91611513 85.6277494382 51.3483279385 137.767435002 180.942136917 139.815964375 124.27391663 116.752327123 153.448009866 140.069699431 67.3574897264 218.665740638 138.427086216 60.5403955138 190.525796465 105.338363856 
19 0 1 0 7.56522845682 1.92539723092 -0.196861703377 0.542563469759 -0.120246209167 1.6644477579 1.75986467115 0.260169682812 0.364506780736 0.258536599535 1.23369146466 1.20343843955 1.59890684171 1.58802146572 3.27513378778 3.58983335115 4.60236848548 4.60109743129 6.39002600127 2.36910170057 4.21972696492 6.09938912151 7.7620925245 
19 0 1 1 4.64289315596 5.45663309815 5.68505224244 5.47725190365 6.4441195424 9.58396121854 11.977079845 15.1198983714 14.9339443024 17.068340087 19.4506786942 23.6083342182 24.8044303428 32.1214299293 34.6553887732 40.2552395923 44.3373980894 42.4101567524 49.0024644107 55.8295229192 49.5985762914 56.0315440228 66.8795413395 
20 0 1 0 8.62446467647 2.47897326856 2.90202956688 1.92267620689 1.91066272139 1.91430568226 3.23934912525 2.27039295682 4.717627121 8.65013365507 6.08308458415 7.27802929923 4.09485463661 3.82226566513 8.71242630228 3.18691525742 7.99248854406 4.99054275203 12.3212332306 15.9659194805 31.1453106421 33.1750151613 52.9839059017 
20 0 1 1 5.70795547092 7.34060684714 8.85436615449 6.96055879109 11.0314825303 20.7915255263 20.3980267879 20.2043861658 26.7833266931 34.1068463935 26.1175484485 27.0674343501 20.2479279092 20.6731446631 25.9085775798 28.9820659857 30.5643741713 32.0810407427 43.5817426792 68.0691216784 120.464263066 161.41607716 196.442790812 
21 0 0 0 7.45970678348 6.82225961491 8.61229891888 16.7711335134 23.0528608006 26.222598375 13.2999933581 13.678630618 5.63676833574 7.05014849294 7.65046438936 4.71887037402 6.02081027851 0.253860515748 5.80697214562 34.5129538646 12.5153793796 5.93624254745 12.0020560378 6.6058847179 5.26565798608 20.8559879813 8.97265595954 
21 0 0 1 7.4735521159 12.1124090155 21.7232568434 45.9379701666 101.72043006 178.212446666 199.527194807 170.32519215 131.736096288 104.780565909 95.7680126538 84.678653762 57.5629552414 32.1263107191 29.7351761899 116.076013471 160.562010187 138.291156576 122.953303582 102.580932168 67.7276405381 126.615987956 174.982502018 
22 0 1 0 6.73407613067 0.840467958037 3.58671872165 0.286325498 2.90003258576 1.32420209469 3.20485210893 0.992252020547 3.71122224994 7.9031335187 1.66956784196 6.57371099211 12.3664698795 10.4790488434 15.8637591847 27.2801454291 6.60783878772 19.4366142583 10.8947987587 19.6374242303 15.8195524261 26.4027508633 31.3271053481 
22 0 1 1 6.22061161595 7.65633706614 8.24719261553 9.39254687666 12.0427694032 11.021137986 8.19636824729 10.2989603186 16.3996078301 16.0970812681 15.4769742298 20.5442168467 28.5386107826 37.3635258911 44.7374180981 50.2160506238 47.1292635388 55.9039546107 50.5365183599 74.6841353163 85.0191851518 88.7667560799 86.1413975104 
23 0 0 0 9.44174190325 27.9090858134 60.3315261581 56.7179630732 18.7434602197 3.23733019157 1.11943992295 6.67530781444 20.2938789575 21.5066555649 23.2579821893 17.440581977 7.98587039495 15.7650842153 11.8158059782 9.72888473465 23.6188786239 17.403527622 21.2717104417 7.63465622513 16.1220476191 14.1647552688 9.63821491087 
23 0 0 1 6.26313282583 14.4724496325 35.9979999173 166.953623328 204.922554572 173.81504315 118.241466849 88.3551152445 78.7636231314 102.650472294 132.286850827 122.915044579 100.398555715 96.8043377907 137.271524213 108.552476485 120.438841258 131.154287361 122.68348878 135.541076973 144.118784638 94.2993352601 85.8907145338 
24 0 0 0 7.02080450246 3.32123049757 1.29337860293 7.01255130816 12.9153449415 12.024132747 11.4070895737 5.53512604089 12.3963372737 6.48860361304 -0.506665477343 2.2883985294 1.47908374498 8.51646291533 14.6725540881 14.9062044539 6.716857771 12.5973915211 10.9163300444 7.04415830221 12.423592226 5.16579435044 12.0364162353 
24 0 0 1 8.37559284731 11.7594465852 13.2491006772 31.1400439894 123.343450765 166.786210495 154.181862546 178.67330824 201.355831572 163.347838433 151.554378295 141.299899615 117.970847872 146.501540957 139.609815403 137.302306582 94.4637626724 96.947131492 150.218159216 158.337782392 135.093600415 159.128116913 171.970094925 
25 0 0 0 3.40838094021 6.54673651225 5.56403854812 2.65982362086 2.47813365812 7.86173662214 1.63691538987 1.81421687852 1.16745440659 3.14271476123 4.90898271489 7.25733848706 -0.312352636535 -0.0502477541304 0.0 0.0 0.0 0.0 0.0 0.0 0.0 0.0 0.0 
25 0 0 1 10.8177105683 23.8291711225 39.7931652473 92.9880613894 121.348628518 93.9985225622 61.0425387609 48.6643759981 36.8090851486 45.851449047 56.2364015 79.4528687207 62.5854588408 21.6568447318 0.0 0.0 0.0 0.0 0.0 0.0 0.0 0.0 0.0 
26 0 0 0 13.7842674214 20.3077791264 35.3887622864 73.3826598111 30.8976190686 7.91332875615 10.1550640188 10.4639722464 6.04157687696 13.9476567413 10.3428961148 14.5777464893 37.6198410311 11.6537581735 4.27609678556 43.1638173857 19.1624896497 1.60360237952 5.4510396233 -0.111588495284 -1.29604808944 0.0 0.0 
26 0 0 1 4.24804292022 7.8852727407 11.9538403553 43.1294918041 55.4414913926 49.803130306 32.7514734152 21.9544452829 27.3043419342 26.618793986 20.6118331586 20.1419325068 39.0209496637 46.57937454 24.9547002234 34.1889484543 54.6990244133 27.8593855605 12.7312678916 6.05895894601 1.08768003374 0.0 0.0 
27 0 1 0 6.38326789548 4.80610934642 5.35375198885 5.22760677124 5.15189332059 5.28289551734 0.518374114892 3.7004800758 2.35106105527 7.78259560526 7.41132631423 14.3460805143 14.0056587693 3.7682160798 11.1073091786 12.4806867819 7.47260153979 12.0919328414 18.0035890231 20.6170286202 13.8075510664 8.64019973826 9.07105147176 
27 0 1 1 6.21844245105 8.77534372617 10.6811563135 7.19989587718 6.66238381489 6.91029198977 8.10659337273 6.83734463796 9.86351441931 21.204307789 22.5268562313 24.1229840364 20.6284279145 19.3256134488 27.3341765659 29.7387731892 29.1586177146 32.8568352747 33.3762315401 41.032870569 37.6242755015 30.6138648007 24.7392069175 
28 0 1 0 8.73654074623 3.05592886069 1.508190978 1.21148190036 1.25038645278 2.07161971398 1.10239136813 1.82898069259 3.83852102388 1.18514755283 5.60177883859 4.62246308371 5.26757902524 9.25126181636 15.4724963026 23.426544045 15.8937732075 25.2801196696 23.4546252218 19.5831231286 18.4086326349 15.0328537851 18.4194025967 
28 0 1 1 7.8754633929 9.0280239138 12.8429284364 10.5293670749 15.0915135612 15.7385701373 14.1157493634 19.1354978692 15.7506173412 17.203213654 20.7379987681 20.6057688299 25.5466562335 47.7569333192 64.2728876478 101.070394061 73.9034520383 107.602414041 119.311815808 101.974642009 118.040556461 112.645751779 134.275527079 
29 0 1 0 7.43601234674 3.7502718326 2.29385236825 4.39258520084 1.69565171105 0.992799058784 1.8579315317 3.4254115178 1.07499438487 2.02086827617 3.27876289223 3.59904435689 3.89519871968 3.66314654842 2.15815196769 3.86918878811 10.6613985878 6.52630725344 12.6814641739 14.9472289356 14.5835219271 25.8200456763 18.1776284428 
29 0 1 1 6.09943176841 7.44120752061 9.12609796122 10.5469755072 9.92563153517 10.2724557101 13.0669029447 16.5272714607 20.6758604204 17.4448318199 19.1819473454 22.6711010018 22.9420461205 22.1340002874 24.8510584719 30.1707127491 36.6434918259 48.3403743109 67.0530253681 75.4573323451 106.697901258 119.158177965 136.266797782 
30 0 1 0 7.44066167286 2.94300891227 -0.0889718539886 0.171690228044 0.854496408402 2.11691403229 -0.969594231085 -0.327954459068 0.549432419822 -1.4260244543 1.79464194776 0.266851112129 -0.024088854562 2.11477054179 -0.598407851621 6.96329984927 3.90328996937 0.837302456154 1.80532056202 2.97952642375 -0.0946075260176 -0.359040829701 0.560214849381 
30 0 1 1 5.57347127527 7.3397984423 9.2419696393 8.8704108246 12.8609235024 10.7368291963 12.2158578757 10.0091820502 14.2662593623 16.7759740534 16.8718251402 17.0444206975 17.3724919939 24.3420361578 27.0386684718 29.3861250363 29.9991051747 30.1574816444 21.7977889107 30.4967071225 29.0144023129 31.1595857041 25.2480688808 
31 0 0 0 10.1086576706 22.748980262 22.9582109591 23.6082262456 0.505583978549 -0.151099599877 1.22569179592 10.7250023875 4.72976231551 0.604981091779 5.68769096181 -0.683099479544 0.610077471017 9.98064408229 4.57743783913 1.41366502732 1.87244541629 0.0 0.0 0.0 0.0 0.0 0.0 
31 0 0 1 4.67130506578 19.4506408294 51.8073744283 149.053633074 102.579963445 65.6563856325 54.9891470787 79.0402135633 67.1181796957 50.0548356229 45.5759972989 70.8981537929 50.4917930059 64.2387792405 101.75685573 58.1383302793 24.6085753918 0.0 0.0 0.0 0.0 0.0 0.0 
32 0 1 0 6.32204462378 1.44173612283 5.55996680858 4.57651218989 0.515889642517 4.05615426998 2.47564734944 1.8549360795 2.77924300375 6.27479732334 6.05182353641 11.3353508696 7.92845137641 6.34765179475 6.63636674585 11.4791523571 6.32403762522 12.1264838216 12.555172977 13.9503251978 14.1700430712 17.4691410162 28.8828783951 
32 0 1 1 7.53840122576 7.80892629557 9.04389611305 7.97830700773 12.9984200351 14.9324321651 15.8434073589 17.5269482738 17.2805915808 20.0110526564 24.5308902577 29.8287206344 26.677695324 25.333267225 25.4646415967 38.807156618 51.9634423556 49.9926494628 52.7973504135 56.65594491 64.8535331167 67.7834600625 105.033363764 
33 0 1 0 7.45390170753 0.195264562524 0.300043291116 -0.0192429359286 0.043100405913 0.344461554334 -0.106904029344 1.99669544799 0.379903444497 1.74980605678 1.39260294513 4.66596331575 2.09064141369 1.18499570992 0.157217639919 3.37428251723 5.98070882115 3.23168664221 7.62402141475 8.69844516395 10.0245117888 6.29632328115 6.17951891496 
33 0 1 1 5.03892219505 6.65508753012 6.51018269083 6.90679401342 7.66828215461 6.935883129 8.5093779847 9.41831094694 13.5980214117 14.658011696 22.3332316269 27.6471264101 26.2698702793 23.1225728762 38.1442501279 39.6705045409 53.1619643034 65.5142650704 66.1623839696 73.6586660202 72.4089274008 69.8385588515 88.4016057029 
34 0 1 0 9.69756519078 3.81178382032 0.603406030716 3.37914037255 1.49308024213 4.49490779707 5.06765060845 2.92160545628 2.82948773803 0.580097076811 1.68817939762 0.545721720406 4.5618762275 8.10018205014 4.50987229538 6.3107893196 1.21483195219 4.38188501047 5.52010102916 5.58813956024 3.3331867354 3.3543411368 5.06227591826 
34 0 1 1 4.81416269185 12.5872572853 13.3757687461 14.6017493257 12.5350882146 6.7062765305 15.6417535338 17.0712339581 17.7382670102 9.58650182461 13.4187762085 20.2630707652 24.4234804238 31.5898554149 36.0738811046 23.3595843929 21.4834487551 22.9919193227 20.4587003246 29.4515378804 29.1241772317 30.9643267394 34.4647020115 
35 0 1 0 7.05687952012 -0.0454480653586 0.248883234254 -0.105776836819 6.91379496466 1.60615124026 6.48167130094 5.79531538477 2.20119267363 3.50259890723 3.23302924311 2.38334027088 6.30447526757 3.88589802084 6.81053917471 1.64941512777 6.81691084214 10.5670757285 12.8155878513 7.34128368455 16.3542288831 20.119738822 11.3822294716 
35 0 1 1 5.12097302199 6.67924179993 7.00608498338 9.35218576809 11.7417339777 12.1110148484 14.1893552423 14.0635624051 19.1150813233 21.5189605921 18.9113384303 17.7282324332 19.812180448 24.1088087263 27.6367913371 36.6648170166 43.7240715396 47.4060764982 48.1988156502 59.9793071234 58.1652900453 73.4717816428 77.8840881833 
36 0 0 0 11.0354059361 23.032360594 25.5699863981 67.0027697197 18.7781514037 5.86843843505 3.42306999847 5.62002350371 1.51924852733 5.00911805578 22.2099970712 13.8643516414 15.4361566645 3.5598908286 5.99975467215 17.5058656046 20.7717185152 4.31250524084 16.8251521835 23.6663107832 12.0597353102 1.66785272428 14.2030244015 
36 0 0 1 5.33538579677 8.17123676178 13.8572730081 84.3901609167 149.506997377 144.288003746 107.737292591 74.5418443073 73.9251483463 62.1407164609 67.6425053714 66.199823147 69.9123306474 68.0882290474 46.5815302013 80.6248471209 94.8727938306 72.7588011078 44.165383224 150.505287074 107.02849398 79.1165049899 86.0923621304 
37 0 0 0 14.1746911887 10.292476094 23.2999886462 22.6752422101 10.1001346412 1.81460732306 1.05702401013 1.35751666544 6.64731875739 5.54045687569 11.9561477309 5.44681358316 10.5716161098 14.0525096569 2.10136285326 3.53016014232 10.2156477358 2.1902114616 20.6588186816 -0.777763004262 12.608529466 1.90010047882 1.12131984724 
37 0 0 1 5.13172572496 17.7825288389 32.5456781397 99.2701573095 124.056051269 92.557530215 82.5277071435 79.193366824 90.9332570605 86.8025596975 80.15257296 82.0709589959 76.3259514475 80.3736667767 59.9219118803 49.9840301983 55.7477383655 32.8873758434 92.9665009067 81.7925531294 58.3207379742 53.9394265907 46.3403498482 
38 0 1 0 9.47538505042 2.64945651749 3.58492498536 0.934625772463 2.94301340752 -0.243871396858 3.84941236146 5.58792045099 3.93508126665 3.05074709513 4.72876836921 4.32115096141 10.9056151665 7.86942956724 5.92541506561 13.1687469974 20.2697381052 21.043606949 16.4178571457 24.9925750048 31.995737833 42.2983172907 56.5822285148 
38 0 1 1 5.53261134923 5.12386955452 4.93861769781 4.11072629876 6.06490141404 4.96670344972 6.94099146445 10.1569869657 11.6119788631 13.6056572817 13.0533905495 17.8747568746 21.7854908866 28.2385484879 37.2219560543 40.9169062859 46.981647675 63.5503376181 72.2396975147 80.5592973946 101.372586195 134.726268653 160.962729614 
39 0 0 0 9.33533344503 12.1620091462 14.648918496 34.6335885584 22.2664930731 10.4210481375 -0.840970780845 1.13143024161 -0.678526707882 1.7387086607 13.8553300153 11.9990069062 13.5180803401 5.40331512587 3.67721200425 5.74416418699 -0.642626161041 5.69529051229 2.22751676702 9.22647027459 6.10825271443 4.67214272556 3.89348892559 
39 0 0 1 6.21037712435 17.6649065817 29.2336272674 155.938405849 226.183030589 178.930846224 133.424840595 91.7129146949 74.0391179845 69.8383706712 88.2658282592 128.468165981 133.237056963 81.5268546337 104.756206803 90.4974348525 72.7159942915 79.6866974719 90.369498929 102.7428863 90.4535947853 73.6970518831 89.8336712206 
40 0 0 0 8.09998632186 16.0939854255 20.6584937753 31.5528500126 2.06525836815 2.40706439342 1.85546442595 0.147352625853 2.61394259016 0.867643745673 2.5902817619 12.4337651507 5.13491267231 -0.112917401066 -5.12008103282 0.0 0.0 0.0 0.0 0.0 0.0 0.0 0.0 
40 0 0 1 7.63654328715 15.9129655305 35.8516730232 113.808330545 98.8600392763 81.4063403012 51.8243697319 43.0662872071 30.6283116966 33.1271731452 44.7460507404 73.6059321715 85.5893929929 38.9388095639 2.87743303454 0.0 0.0 0.0 0.0 0.0 0.0 0.0 0.0 
41 0 1 0 9.67235856707 2.36257575128 2.16524438741 -0.574491637055 0.738891581449 2.6003096532 4.31069219424 2.74034441145 1.54369459139 0.968691362575 0.976141802932 8.18731094754 2.25753716634 6.5138102908 5.9792394143 8.39077653815 18.0939467731 12.4145850574 15.577720279 13.587756155 17.912891617 13.2291114717 32.4540903812 
41 0 1 1 4.7262044355 7.7600237235 8.19720769656 9.9905308881 10.7697149012 13.514135571 15.8260253344 19.2954427162 16.162701061 21.5598239553 25.2037187062 30.4121825123 30.9599884193 36.6676979727 40.4785986296 55.8980649647 71.1482345449 75.7703223527 94.7138843776 121.246679364 129.372276568 160.488656146 193.681644747 
42 0 1 0 6.66659127781 2.79309321152 1.10860152759 0.372081693677 0.842655172762 3.36266207986 1.26484545731 0.375653305491 0.284835320182 -0.329114194294 1.19678760837 3.37925723985 5.28582649005 7.98911906583 2.04070846971 12.5139473527 10.7842281445 14.6968024847 14.4357746199 15.09291815 17.1215087557 21.4116405841 26.4342213399 
42 0 1 1 4.93172178801 6.97581825026 7.05338520446 8.12698646488 7.37370047815 6.75908990529 10.7167543481 15.2398308888 15.9855367864 16.7392952052 20.2029119516 22.6216884221 28.9280016874 38.9550396471 55.296829853 69.4270636523 83.0399384886 100.171646427 97.1201747664 121.776309509 139.745584764 165.031326143 193.091716187 
43 0 0 0 6.00732000291 1.80665878987 4.54234817421 11.0994382081 7.24367607561 9.69349608199 4.71845052134 1.62877235753 1.2747963575 -0.316695337124 1.03934645445 -0.0337836667445 -0.130418185107 0.0 0.0 0.0 0.0 0.0 0.0 0.0 0.0 0.0 0.0 
43 0 0 1 9.81897955202 18.0729132724 24.7552976312 95.595392286 184.348951756 196.980679313 185.790103758 136.863802382 92.3970137587 58.5360652264 38.202176917 15.8730715949 8.0365846665 0.0 0.0 0.0 0.0 0.0 0.0 0.0 0.0 0.0 0.0 
44 0 0 0 5.36347702497 32.7175943453 26.6472338673 3.56790997529 1.87620082255 6.40770165837 3.7464667032 4.69558050337 0.277881325488 3.3679295133 14.6398228502 6.37744200449 3.29612259786 15.3315903978 6.80058640823 8.92632466293 -2.72019836773 -0.0558377793418 -2.20948035051 0.0 0.0 0.0 0.0 
44 0 0 1 10.8434274617 47.4019675966 108.924133398 164.984036181 149.805636936 106.823201179 92.2768527935 70.8392716803 42.6075370436 43.182413032 84.9588388895 126.787929097 124.039679664 93.8749070293 83.3287108826 110.399887848 122.277511513 82.0954904714 22.5225926691 0.0 0.0 0.0 0.0 
45 0 1 0 6.79999578959 1.66761470848 1.03583126767 -0.308461320118 1.47817863368 0.172460821265 -0.295182041087 0.583678808411 -0.149554042393 1.13323744551 1.65204528481 1.84084780278 0.571192391359 1.86631426525 2.83396203889 2.59041760278 3.25964049439 0.929537843158 1.23325659863 3.95453182407 9.95958228431 6.64326227372 5.5245853119 
45 0 1 1 6.41513281801 8.77771656124 9.25968485224 10.8895836799 12.8657480489 16.6159589995 16.9169762207 18.1211224669 16.8707315831 16.9471795437 15.8760286704 14.691367215 14.7525513664 15.8364390348 21.7899613652 24.1218107318 32.0523683031 27.3664551153 31.6624200934 44.0170319005 48.973747443 55.6203072045 61.5423698299 
46 0 0 0 10.4869785313 10.7853622687 15.5687837944 13.9399778179 6.73431752931 10.8166469874 7.3078280555 3.54354995815 0.682612626231 7.44523823264 3.16257342355 5.96383277882 4.35969661601 2.11208626337 1.73458748392 16.7810139518 6.77255669245 3.67338915325 3.75794099885 4.09120394864 6.98858394533 17.6630604252 4.65728005645 
46 0 0 1 5.91627711951 19.1321354725 28.537948001 79.7798105305 99.9466015606 87.7385907031 91.8398889764 82.2143397405 71.345389385 73.0524264744 65.2166456846 61.4393222403 53.6749668276 49.7804745947 23.3905945051 71.1460243449 119.440873269 68.7024238641 45.0953872372 46.4784480821 37.0812336045 74.4402035936 69.7740632423 
47 0 0 0 10.1266808512 15.0185367724 39.7191099563 56.6267309263 13.2730937719 9.04305801779 6.62878861613 2.00964122511 9.77762941822 6.48714944229 12.5494253115 6.43313771244 11.1201887894 21.6535617398 6.67367729003 3.08908892173 1.38348060526 -1.75554883146 0.0 0.0 0.0 0.0 0.0 
47 0 0 1 5.23497435906 11.9111167261 23.9724724866 86.5671575004 97.0986349633 75.8794765656 68.3474750155 53.1051411396 40.6281108668 31.3580411437 35.3017852372 46.0821720539 47.3238320391 91.7978143218 88.745132036 74.8591723923 37.5255326208 10.3541974524 0.0 0.0 0.0 0.0 0.0 
48 0 0 0 6.12056318418 2.28699410061 3.86077522736 4.35249668196 4.27584432051 -0.807702671949 -0.0328033920461 1.43715785052 1.43892494049 -0.206421337135 1.84069676293 1.44691545049 0.19203059142 0.713098743721 -1.37183266532 2.0794937273 -0.598879894012 -0.175762213056 0.0 0.0 0.0 0.0 0.0 
48 0 0 1 9.66841729213 16.6960409642 23.5185953023 51.9933041466 69.327664307 65.5642314869 62.9594285125 53.1515404942 49.7682753954 48.8909272692 38.1868101997 29.7962090912 28.2883196137 51.3236095639 55.068151605 26.2281668 19.2241983761 5.36208333979 0.0 0.0 0.0 0.0 0.0 
49 0 1 0 7.63909148329 8.44263211612 2.00574390913 4.24926577814 3.56796679826 7.12239718626 4.64646223977 6.15803305356 8.35373108022 2.46071108879 3.3114409941 6.13430293736 10.0072817224 13.7093051569 19.2888288878 16.3606822605 9.03599837734 17.5612425815 19.9561324922 17.5795958928 15.6320417864 14.7583142798 11.2044039874 
49 0 1 1 5.30328012182 9.69509898185 10.0990348433 13.7602911059 15.7549821322 14.955199523 23.3263436746 16.687433227 17.6107738237 15.7338597379 17.7597829889 12.9517616916 23.5722425056 31.4688204594 48.646596716 47.5193941206 45.0244081642 51.191054281 49.9805775257 41.5673524743 42.4580415866 47.1199797609 39.590100295 
50 0 0 0 4.67460179779 1.99027695384 3.22870463386 6.32785474966 3.17199048081 2.97784411756 4.14249928458 1.65727004398 2.20798921035 -1.27740188622 -0.0386435738475 -0.0533494656384 0.3163201269 3.84313554761 3.77538819984 -1.1384617613 -0.0572156058276 -0.553676929141 0.0 0.0 0.0 0.0 0.0 
50 0 0 1 10.456793067 22.2938590231 24.4075231234 49.1365435621 140.397974449 171.737864789 128.117614267 91.4904035171 86.5182641271 59.5358987023 68.0401430305 63.7589699217 72.9682827576 118.902677887 124.347253646 76.8195333247 27.6255005915 6.3568878133 0.0 0.0 0.0 0.0 0.0 
51 0 1 0 7.19584683063 2.28500829602 5.04771693245 5.83179243778 2.95318299403 4.30535188098 1.30384188329 4.59304780044 2.36306200502 3.7126149845 4.88775542355 6.71986196015 -0.044478512986 5.63021986393 5.91418358883 5.54505953397 4.41338837374 6.74850651539 7.4678319036 9.62335973439 17.6620390531 16.6155799895 29.9565276965 
51 0 1 1 5.28481874817 8.86743775366 8.75918034506 13.2261798911 20.3497536981 18.4878650949 17.3425938632 13.6309512975 23.1402358232 15.4875713256 16.8724619838 24.8212909767 18.6815519033 16.3921855441 24.3775593327 25.203305922 20.9717484198 38.1244592283 42.6192282184 64.0931339568 83.3112511226 96.9185572164 118.496925127 
52 0 0 0 9.45576129416 13.8961709429 16.1623049452 34.3221867904 15.5590234105 14.0994461808 9.61919982209 21.3217252569 6.18526685688 7.16099608976 1.99317199519 9.42086112264 3.25692437216 6.73851670232 13.2455368492 5.35241373418 9.37194149182 12.9398998335 7.52974617398 -0.0300711692286 -0.384491751749 0.0 0.0 
52 0 0 1 6.13103665661 6.9108136847 13.4961704315 37.0829364585 50.1682984614 58.337712224 47.1711220841 37.6494496903 39.8599406316 19.3306877607 20.0992863815 18.6293662308 18.8509119336 6.96805271143 46.6622695186 27.3628240971 41.2138804064 40.2966389767 32.3036597118 14.4268162277 2.12128236702 0.0 0.0 
53 0 1 0 10.158331057 1.04919840491 0.940824615311 1.14023342773 -0.516436345711 0.302363327008 1.63456207014 0.344876253548 0.388745385655 0.772217549058 -0.484433769947 2.65263854956 2.13848292328 1.99535366982 4.08716220321 3.08769628454 1.88520440827 1.9077545454 5.23241612022 3.08167638821 3.71577046381 7.13884756824 9.79684095936 
53 0 1 1 3.9977121111 5.58883541593 5.6792267933 6.5978706069 6.43631567719 6.38826098164 7.55551200436 8.61139196618 10.6754762774 11.3928164694 14.357986882 17.3090590957 15.727375085 22.1084518248 22.5771041363 26.8722690895 28.5493497562 35.626567177 36.644899692 40.0365650678 39.1501401368 42.1391113142 52.0736385376 
54 0 0 0 13.6286933952 23.9560117968 50.926360298 35.7784268241 13.1215931242 10.226366169 11.5756924768 4.61371293182 9.78593662355 7.75894084345 9.99642622703 30.5647662525 41.7817192969 17.0135033353 11.3065182816 20.9753545192 29.3971813026 6.58005263895 6.4418032836 9.05307833304 15.5908233355 19.7860111126 13.0596104729 
54 0 0 1 5.92746817572 19.1719936163 39.190742823 110.852803395 116.377415789 108.126122954 80.0104128148 66.6787571655 74.7381810221 57.554610673 55.7196653409 71.5408277253 116.404034647 99.4649186323 63.9128600821 63.403361704 106.572821079 89.439187907 69.2041837205 84.0862749931 72.8675173914 101.548024658 82.2210124709 
55 0 0 0 3.96081295008 1.30133656569 2.04366550633 2.80327249588 4.0826159277 10.394017167 11.0896158486 5.07767246455 1.45335699283 2.16038067917 -1.42679805336 2.02001679214 1.90461751026 7.41112069979 6.42600611069 1.88421131699 2.9566594718 1.72977578785 2.46274166438 1.49096391842 5.36826718794 4.77085854838 4.47410646914 
55 0 0 1 10.4601054892 15.1228310076 13.6461967205 15.558366081 29.0208575637 88.726697214 177.118278017 212.563578467 220.315884298 192.236238493 149.62448707 109.295223108 92.4531943715 148.983084931 195.934536581 115.655839611 99.9637372938 123.265622526 123.526201902 128.332236712 144.818159913 138.110186008 95.1461701195 
56 0 1 0 7.59951189729 1.06931687206 1.38822940981 1.01233194858 1.12232390313 3.65089140557 2.81109430808 1.46400069873 0.519659281847 3.1877902636 2.7501825273 5.47590807155 3.97337511905 4.68473589073 7.2212006861 2.70834991061 3.34650835751 11.7483249915 10.0877899114 12.698926402 19.7823110495 31.2555182564 30.3551006644 
56 0 1 1 5.88883705679 6.97680604172 6.79423030341 6.28374659715 8.59753455883 8.64086617453 14.1875129588 16.2270085977 14.2679398432 14.8689264121 12.9026219015 13.8902885817 13.4941775921 20.272879066 19.3997830741 32.7467068546 45.0766072109 63.3586727452 80.3583668863 93.6683163084 104.158440793 138.154422217 187.407664698 
57 0 0 0 9.69717982349 11.9462193038 22.9023234038 5.85029199003 -6.87973638536 2.50751301034 2.56256579998 -1.36618703898 0.755934181787 4.95004514888 14.099849048 8.19651453042 1.50616517502 10.0368910612 3.82399549303 2.37106848305 0.624742099728 14.4166495557 5.41685381963 2.68251709574 -3.6904687307 0.0 0.0 
57 0 0 1 6.60346038975 32.2098377329 68.8864722797 210.280749487 193.314202698 141.390284977 124.420959634 93.0127071085 55.6794753452 63.7995651807 146.808735722 178.880754947 124.540561365 99.1918991291 170.081983369 114.869553392 57.1786631475 110.365973761 152.173451946 111.377662086 23.6114525216 0.0 0.0 
58 0 1 0 7.27171944927 1.72887482341 0.504034007028 2.48827211345 -0.568404924465 1.65248648876 3.85021546579 -1.67595212577 1.04778718506 1.08157862917 0.142267580013 5.25696040598 0.29322958672 2.27164031445 0.786998100236 4.00349436411 6.85199428536 10.1773021288 9.44071462494 5.39589048899 2.19779941969 8.28289444748 10.3122350852 
58 0 1 1 6.23428416979 10.0773515547 9.85638905398 13.6352893798 16.6267043598 16.6559967153 18.7342490836 17.5368945577 24.2596979581 25.2764677613 36.5926129203 35.2034063869 37.9892046741 48.2320293612 43.1335104615 56.5540548695 67.1446123632 81.5402774472 91.4216298749 99.9258248438 72.8901313599 81.6947267077 109.399800312 
59 0 0 0 8.39863001913 4.08533472418 3.07390714672 7.77855071026 4.54806557453 -1.07406174352 5.32101069252 1.30889967327 1.34018200183 0.53979592419 0.915882229833 2.0606461356 0.966958455225 5.10977201716 1.18238632858 1.37173879203 -0.498617504852 3.0754708216 -0.345754796029 1.22073402097 2.77595622072 0.427673116115 0.546875368719 
59 0 0 1 7.24724131621 9.44308172159 11.454455582 26.8729204766 41.3495412853 35.7251932731 33.0873929526 36.7915892204 30.4388539894 32.58833433 30.2352252446 24.4129218538 21.8483875577 20.8606563336 22.7241340014 33.0337312381 19.1734307941 17.2037644975 8.48755795179 5.57036992404 27.8992219016 24.0912453022 24.0297240576 
60 0 0 0 11.8509788531 7.72485540106 12.1396338203 77.8912142216 13.3782045971 11.6154346072 16.2855702969 14.5469910126 15.2476330923 11.0869852185 10.1186212853 11.4755625311 8.65732427343 10.6490322717 10.6898883033 18.0530344692 4.45825216345 7.88004636371 2.91106546137 13.5171561694 17.8422571864 2.65960790261 9.81353047864 
60 0 0 1 4.80269934052 9.86656866267 17.7013072711 79.3735860703 178.82903974 176.633106165 151.745660962 111.700718741 112.687919875 104.03707947 110.323238277 103.600981401 92.0812744737 60.1254679453 53.5076736495 74.7810704317 79.3872480761 74.4557263198 57.7925678791 90.4002017801 101.148731006 69.5195548184 70.7039039506 
61 0 0 0 8.38579854488 13.1439860989 39.3449445789 38.4267822201 14.444751472 8.47620515501 6.38556959607 3.24365500788 18.5820998332 20.7383889198 8.14357533731 0.604221832005 2.50332542732 0.831691373807 9.90188138479 5.66062284268 22.0652995079 6.04734793969 2.26369669444 11.0851517009 0.775803778738 8.60174180327 6.59466566658 
61 0 0 1 6.43432045786 18.4756957022 41.472933453 172.282961508 196.739083509 167.194282146 132.947015411 88.2110918903 94.0690092562 152.955190607 144.292939503 101.697014238 62.0471248793 60.2676015088 117.244508336 68.9100361363 70.077331071 119.738528089 72.7449249498 92.6811692925 84.3740160566 120.90798573 83.2092338318 
62 0 0 0 10.2336353928 15.4270284264 34.5923126169 31.634353969 18.1393418561 1.7042235146 3.25233147488 2.38732175197 6.95807492298 7.81698944888 10.0451104838 7.08701184283 0.974918938879 -1.62283750368 -0.286465397585 15.9318592148 -0.0478682558876 9.3482469516 7.79424668077 4.28419076232 14.6434046107 9.38905184061 7.0830997074 
62 0 0 1 5.92194970112 22.2567567425 51.3233371631 145.160715976 141.392703464 86.521392967 62.8122761432 53.4040690402 79.1787912021 131.644669435 129.888113519 109.799601979 74.0213437872 75.5354746843 59.7289577365 113.104296246 98.3223275434 87.9761554212 106.186636382 61.7987792245 86.3778004887 84.3754432867 93.8156696416 
63 0 1 0 9.21657403385 1.51067607976 0.999474025345 5.23190787346 5.00603331118 2.33669170899 0.596941816715 1.18128901531 2.55741834308 4.51286002569 3.00407938637 8.42401410305 4.58066824541 6.56060710091 5.61782174137 11.7619806534 12.5506351791 2.57937688125 25.012782723 11.824196692 17.5057711678 12.7018109067 21.3292089616 
63 0 1 1 3.98163556492 7.96935638244 5.61671288235 7.54669050383 9.47048667658 9.21938476774 13.9010515136 10.6061823835 14.1083185401 14.4987374339 10.2164176072 14.0975782597 18.333156306 22.1812474706 34.8530451133 37.3033720337 41.1221136508 44.1738283345 49.1873843234 61.5515788234 77.5408459146 74.8321710136 80.1682515994 
64 0 1 0 6.54466743405 0.259055915719 -0.931387816684 3.67363932071 -0.931810795353 2.35724046175 1.75786243836 0.812715788956 5.9434408993 2.8393348525 4.91359858462 5.07938133666 0.979073738163 6.51040736639 4.17734931186 8.59314308837 11.5856501303 9.71967069097 6.54913864623 12.7412483635 21.0826065974 15.5676159915 27.6485798609 
64 0 1 1 5.62565702072 5.94362085664 6.6947302788 9.90108803118 13.3322735857 17.7359830163 20.3271023597 21.0586619427 16.8212866909 16.026486666 16.4701751615 15.8183947671 18.3957479964 24.9639967176 38.1259413944 43.6523111911 46.7811381049 57.3602164955 56.4598420318 76.6817022983 101.971927101 113.943006936 158.250470859 
65 0 0 0 6.20282490255 2.25325766215 7.9731222709 5.76347681834 -0.443876614212 5.5698728129 1.10762034091 -0.192065208892 0.457807968185 1.05702997617 4.39617326619 2.91607850055 -3.66531834912 1.35317418098 -0.600261492767 -1.33355578975 1.72900737522 0.505744821806 -0.0555876556643 1.7764449527 0.871260921615 -0.213234209295 0.210578482488 
65 0 0 1 9.69891116505 28.2633571858 42.9497178681 112.225846533 163.196364334 139.001498074 88.9086526025 61.3882789061 49.3796419825 43.8250021957 63.1367775484 98.4439271589 87.8111597232 95.5350254122 77.5967667638 68.9931874449 80.3535635985 69.1879894877 65.6526105304 70.4106828078 97.1367200719 87.4528230957 35.013286366 
66 0 1 0 6.04608680646 2.74446830017 0.850918949675 4.32473073408 0.23212863236 0.682573924042 1.15711770543 1.08587963372 6.64920040952 5.46727080491 2.55307807403 1.33857217402 -0.0670784642968 -0.91548871974 3.85931413527 0.4687612422 2.01244778086 5.07071057168 3.67521976642 6.81921643511 0.492159256244 3.00532873269 10.033279143 
66 0 1 1 6.08073001423 6.43570350251 6.59894290334 9.5565897978 11.9770014897 12.4281165131 11.8086759141 18.0763487935 15.5684964409 16.8582729588 15.8508539214 14.4074120468 11.3919141334 13.8142063506 18.0757249794 18.1328552002 16.8791543111 27.2798316397 30.4978751765 36.288065873 46.1615864964 49.4915122341 67.6843486354 
67 0 0 0 11.6920257774 26.0447142604 81.2364725482 97.1098631931 41.3098454396 15.8482763127 3.12861828583 8.1777588022 6.62636106402 17.0193788861 33.1336302904 25.9719433623 24.5047852711 16.2322536185 18.1021288842 23.2749098561 16.2720739346 8.40346802038 29.825288846 19.5885386762 16.6384883909 10.3053099826 37.2890388723 
67 0 0 1 4.83892158683 15.654266785 44.7576903538 223.429125835 244.652286612 175.859036334 122.826328462 94.8046119069 70.7134309264 74.2060471491 97.1419420969 106.770771578 88.9694352141 97.9004571413 69.233022281 116.299210215 87.3781149838 96.2550662612 95.1617052231 124.05443636 90.5461499198 61.8969381797 98.4937315809 
68 0 1 0 8.25674206725 1.92722684524 0.0711109273019 0.854199026854 1.42240435286 1.6618427112 1.69252690249 0.558127482639 1.62617511513 1.45700612865 2.23349503256 0.157803052242 1.83822304634 5.36943153176 2.67677292165 6.28213555136 3.48542445634 4.80023224635 1.3162554319 1.93186492883 6.23936325312 5.2692787061 5.53151984434 
68 0 1 1 6.45745891099 9.12803160152 12.5546606102 13.3496015755 15.7926339199 18.319226047 19.7995754069 21.6619581519 25.9601888751 22.0520752925 29.3754412332 32.0371633046 34.5063243151 34.6303238419 44.0854834217 53.4176230338 58.6848733973 59.8761816933 61.9770487353 68.0766727647 75.4828960143 76.2567492321 83.3111115667 
69 0 1 0 9.02776905075 4.0251650881 1.98912905478 5.0814074568 -1.1224689009 0.730849837957 2.47069504419 0.98725348858 0.0803284018874 2.63933438396 1.5094490639 3.32838100646 9.57414334658 2.85700757161 3.35425583762 1.80587151606 7.15021003086 12.1179528596 10.4077854988 6.45012596437 10.7684502769 12.4585279494 12.2607673306 
69 0 1 1 5.97095627066 8.62077145592 10.6079376428 9.62956288026 11.0177922 10.7874039266 5.1551869892 8.60518984281 9.27264248412 14.9014972022 23.0622331534 27.3856185034 25.2283539638 24.9027539123 34.5686079059 37.5847040714 36.7678365769 50.7844552235 76.9003130799 98.3213922116 71.4662777406 93.2489988105 86.2949117896 
70 0 0 0 4.46643538 2.33892375629 8.01655369762 11.7780332302 6.58606025574 -2.5937364153 6.88732721884 3.99692589381 -0.173309841338 -0.386494374473 1.20145606587 0.472424192068 -0.0421045848811 0.0 0.0 0.0 0.0 0.0 0.0 0.0 0.0 0.0 0.0 
70 0 0 1 9.53688025797 27.919010993 60.8995922895 199.988851038 213.575809819 188.422084699 148.91267624 169.32376738 172.727967597 136.992657198 93.9245525278 59.4730119744 42.3533890994 0.0 0.0 0.0 0.0 0.0 0.0 0.0 0.0 0.0 0.0 
71 0 1 0 8.71555383736 1.29170330769 1.52425749833 0.711520071302 2.6033125028 1.37870292603 1.35754173119 3.91290944725 0.0159126139452 1.40593461839 3.49325119917 2.5973092413 2.40383624343 6.51114294519 6.70440157494 2.16018718048 6.48158208078 3.00836583347 5.00485453756 8.5563592319 8.62993233241 4.12549751145 4.1246940701 
71 0 1 1 5.7535550441 10.4969944882 11.9929942755 12.4856401638 16.0603291054 18.0174371689 23.5565733197 29.1714824617 24.7852812502 30.5777178836 28.6549455013 30.2785288444 32.5685703722 41.3362865776 43.6782085932 51.2676248644 46.2481060398 52.4703931902 66.5512870977 63.5823924338 71.9527863635 64.6134824154 59.9844129343 
72 0 0 0 15.3654535263 29.4249062623 55.9921847322 73.2566550706 9.62003900056 18.8563283399 22.2351469699 9.10739835292 35.0323645256 46.8714668462 11.1914821815 6.24090038647 6.57123674387 18.162549643 38.4128134008 34.1719277488 23.4079292178 8.91952646483 7.50464919918 21.1848809751 30.1671918863 21.2086200786 10.6587364796 
72 0 0 1 5.10264705191 7.27170463235 20.2770187836 80.1344458671 77.199694161 71.7255404082 65.551222983 45.4216543947 43.7006572851 67.5149049174 69.5324157165 53.2473782644 40.6936422324 35.3712035375 60.3616208108 67.4053091744 56.3410392565 28.1803448421 29.8621509689 30.6058201873 57.3994016223 74.3015309589 56.7575973074 
73 0 1 0 10.0473560307 1.43347773001 1.13602969205 1.22208514008 4.31585161726 -0.584547252403 2.38531425871 4.5400517696 1.21160464768 0.476232048295 0.376368737587 0.265456287181 -0.31434578608 0.113532315725 0.890855607164 4.17630676251 6.02953051748 5.94804871959 11.0693662907 13.2125897609 3.78093981144 19.0129308774 18.7764074339 
73 0 1 1 5.13117400605 9.77001716508 11.0723694586 10.6623820967 7.66825706427 6.60108452648 12.0625678405 16.6092320483 10.3372393328 7.08698850141 5.58799586847 3.14729505019 2.12950156965 4.85487678923 11.9682488563 23.6306286762 38.941764742 23.7996013642 43.6288596124 45.376881108 51.7390521594 41.3744795273 60.5427358106 
74 0 0 0 10.0480131866 11.7452105927 8.9620158086 24.4653264675 18.0845529208 10.3837877964 7.18004546349 8.28001084884 12.049859756 8.83213204462 9.58539879811 6.3651134238 6.05826522967 7.3007047298 10.435767767 9.33996588953 9.26252423875 8.08574053795 9.30384837073 10.3220445948 4.38652462273 6.50835632259 11.8256866481 
74 0 0 1 6.24010881858 13.2585271967 23.2675839851 80.3498182704 201.735775411 197.510014164 144.231831531 128.38647327 164.223352709 163.405263237 167.203292846 143.436104492 107.5263707 86.8981051364 200.09795668 148.149924658 127.324661283 141.421507396 174.834687833 152.463156193 138.714659407 60.4984073474 105.479656175 
75 0 0 0 5.23673872356 8.02535620076 13.2397862129 12.7839196127 9.34977226294 -10.0342728207 -8.03507093771 -2.30572071236 -1.34489464554 5.13566661751 6.58837706793 6.82480568897 -1.37712756676 5.92152841171 5.94909727791 3.30331873371 1.29871142805 9.93594784989 2.18828599848 4.09623297776 6.71386582485 1.03653751691 2.2480744362 
75 0 0 1 9.89816335283 18.7858500898 42.2825189559 149.152121737 201.253176656 188.377407699 156.14442209 116.405249416 89.9725572352 98.6791153736 108.733795339 98.5724295514 80.788659014 142.08056982 143.449408881 131.316727375 89.6343357834 92.4951407552 116.150368682 123.916853172 124.696819234 114.715262006 137.929387962 
76 0 1 0 10.3320968977 3.24315561478 1.35562136405 1.86969740645 1.93305564203 5.13088861919 0.807910407703 1.5847322553 2.13411677705 0.741480657841 4.850614411 2.69908733601 1.35260710187 2.85368178354 2.13789808391 1.75598879005 3.81850522271 1.88220034392 1.59267371805 0.533588659388 5.70050355639 3.35592476205 1.6399111145 
76 0 1 1 4.39901854263 7.77004703423 8.86431314132 9.34455786638 12.0334644003 14.1684508699 15.2439950012 12.7139258524 15.4208105294 19.4006668975 19.5891584942 16.3745967755 13.5505461814 23.0555407342 16.0462323413 16.4854457713 19.5551387094 23.1661379754 20.8381545807 29.132706374 38.3864095914 38.5560835325 35.9784978763 
77 0 0 0 9.48188653486 2.72462184299 11.1268155986 15.319753559 13.0111750198 10.0878681884 0.69118429177 3.51151439482 1.23477939728 1.68655088395 15.0656372207 6.55617975299 1.28938472152 7.63050870586 13.1790146521 2.5293781927 11.993465098 11.5968118215 -0.386394470758 5.68187647353 6.07443177151 8.18507339171 7.87115226919 
77 0 0 1 8.07703346111 18.9973907822 35.9494802728 124.917989363 188.214320125 170.505353129 126.142929711 90.7552671753 69.9283750002 61.4204434818 100.685534531 182.911476619 193.678330347 120.133298996 186.724930381 135.16212103 70.5702314938 158.316512729 159.593061663 101.223292139 72.2775328714 139.365997288 162.954171069 
78 0 0 0 5.86528300595 5.53579328077 6.45986838408 4.05501494566 2.06383466961 4.22718805221 1.41650229826 -0.966351913086 0.623659396191 -0.427222616323 -0.104408075651 -1.04757986314 1.49946563669 2.41272289382 3.18374939069 1.35948012106 4.27602354893 0.836357587978 -4.39405569207 4.85509367818 2.97684755166 1.03954623875 3.20917032165 
78 0 0 1 9.79859105512 25.3173093188 42.5816358618 64.0934314671 81.5011729239 85.2697233424 69.4616900499 68.1382270944 50.1490483957 36.1453012677 27.2840017297 20.9640139232 18.3596871312 32.1320923025 61.3936890759 58.4171765676 59.8011983816 35.527533456 68.265846501 83.0028033321 58.826394738 37.0549971269 36.6261415914 
79 0 0 0 9.01875704693 27.0115324478 34.7426908391 23.2249572863 7.77305505489 -0.969237127082 3.18973945097 4.52046898984 -2.65274461699 -1.66148183984 3.77310315303 6.20443521275 7.66079224456 8.40838521912 5.75239393467 3.74242313213 4.8182979672 -0.359120207434 0.0 0.0 0.0 0.0 0.0 
79 0 0 1 6.06983180761 21.1660604709 46.2998782149 106.69357846 93.0154836815 77.3792673372 61.9941703109 47.4193573907 33.4685165845 30.6982815749 29.3978122163 28.9392940474 31.9018673984 43.5739297189 33.9329935365 23.2348377658 21.922037237 10.6743211291 0.0 0.0 0.0 0.0 0.0 
80 0 1 0 6.27165966506 -0.0912378838994 -0.413523830335 0.146677223807 0.193982567776 2.82614847759 0.800619376794 0.963273531425 0.711507137083 2.29233811394 0.0639467086574 -1.49685235736 0.0546314345932 1.19239106778 -0.0413273508093 3.18072343245 6.42664213698 4.31764426992 7.9136829014 6.5822977518 9.46404115529 6.62985302522 18.4635569826 
80 0 1 1 5.72601675326 8.45812272675 8.1701555472 9.53974084284 10.7880133201 10.7882909604 16.7492262889 16.9730546758 20.3255552723 19.2241425376 23.5203980648 23.3076144123 30.2501481871 36.4899998341 38.8159307788 53.7984554215 63.6068172511 80.9561846523 94.8229297497 106.00575654 125.152012224 150.450644793 195.497916637 
81 0 1 0 9.04129386056 -0.529971735485 -0.262216310786 -0.192464674825 0.221600912921 0.205079903114 2.51244844357 1.33087285064 0.0834135301264 1.02015475414 -0.226957132057 1.12935659439 2.53348524123 3.13608957575 1.36481646043 5.90784815935 1.75842308329 -0.115295775771 4.27018254922 4.59109893094 2.91118313433 7.33838514802 6.97731990495 
81 0 1 1 5.52276681378 7.58800899853 6.86473087416 7.21404383401 9.63550428288 10.2335886161 8.97458542425 13.0692737372 15.0990132438 17.631452486 19.19964108 20.1358951579 19.1294831612 22.4694761084 25.1996055555 33.6093573818 39.938845115 48.1543058782 63.5548121834 79.1242085204 93.7840272863 113.239403071 135.149892834 
82 0 0 0 8.53024105848 13.8822580037 8.10147891805 26.7674043608 14.9305142745 14.0343886022 -0.394052732746 1.81907931093 2.85622528915 0.545234196022 4.1778095727 4.07629133464 6.26584139304 9.50983352917 3.82416164247 4.38013502272 7.25676184378 5.61907613438 2.20730851156 3.75118960328 1.97140934391 8.24264435165 3.4995675882 
82 0 0 1 8.23319602782 21.8940783914 41.489317003 143.473457071 224.591428673 219.08366161 174.063136554 128.789557024 86.3813148281 58.2286923906 46.5692256145 66.9445913907 89.8642778256 116.572709949 123.46303567 75.9871893636 73.2245373682 139.528206739 84.0174969939 56.7556831749 128.690178466 93.6180773083 70.767151785 
83 0 0 0 8.90627157039 5.75936765394 19.332698721 13.932693137 5.06088867561 5.3060316354 1.35996996486 3.23466688935 -0.597441185868 1.1686727263 2.283191272 -1.41978360823 13.9562328815 -0.439617540336 5.09391908225 -1.2713233789 3.36134960489 1.24445583272 5.07313497604 0.610570538623 1.31302010135 3.10781653205 0.923001005499 
83 0 0 1 5.66878726454 12.9464539121 18.3347401882 58.0992869068 73.4010089689 66.9267083665 43.1259494533 33.9490249798 22.8136708839 18.1150260897 16.8003955309 15.7196480299 38.382581154 85.6188133945 52.9730833172 26.5044445484 17.5440441588 51.7173209756 44.0880590931 31.581549135 68.0519971142 69.8914715085 44.3505454503 
84 0 0 0 9.90738986083 7.0872554556 15.6836811177 21.4489718624 17.548118208 4.03860939035 0.0613451138221 -0.603685261132 2.5718931239 1.9477978274 -0.626943293884 9.12171151588 8.92336680238 3.61627763466 0.856749535553 -0.0364111676987 -0.961709154597 0.0 0.0 0.0 0.0 0.0 0.0 
84 0 0 1 4.7491342206 13.9382801724 30.90572783 108.301490927 110.509515395 82.1582785286 48.7622417307 37.1064676044 28.2814616768 29.6183558862 30.4022667959 32.1425982771 37.9005830971 68.8837241139 43.051497484 16.3658495586 7.30125633867 0.0 0.0 0.0 0.0 0.0 0.0 
85 0 0 0 9.49357641654 13.7796206257 12.9848872864 56.8218870829 43.9711040795 7.40359705474 6.60471746749 11.6804861019 7.50829561277 9.6091240794 -0.0540957197844 8.17721463875 14.2418636363 67.1866650983 23.9285303771 19.7509308204 11.2263217941 5.87898582268 12.94297433 14.8039163902 14.3353248541 18.3155893618 12.2622551925 
85 0 0 1 6.48441630897 10.3524163189 19.6832669626 53.5974358776 146.908998713 152.643469784 108.898888026 85.1818924798 67.4271175587 57.6130237939 39.3356786662 27.8682825543 40.5918658535 130.268339371 197.251000783 146.283648311 108.477674058 67.4830520574 70.7610784186 70.7933698664 69.8807067392 76.9317597179 72.715662547 
86 0 1 0 8.94329282642 0.78225545056 -0.163861479044 2.29346038346 0.828435081931 2.70534842499 2.33997353633 2.02835060228 2.07903318413 4.01925533684 3.77515769814 1.74572889712 4.38337760568 3.39319060823 7.70335672749 4.47608529766 6.36439218435 6.53503055188 14.1603151283 18.1289427804 16.326911175 18.2729361084 24.8469203801 
86 0 1 1 5.92959636922 6.66299116663 7.13848057756 7.06160874666 8.89328242425 10.6052502332 10.325295662 8.93533977515 11.0714061488 14.2730471037 14.2053658273 16.9890256482 20.0053058661 33.6824280305 37.0701211106 39.7131302277 44.7018979108 66.2398879929 74.4153349344 74.7170863349 100.126628328 119.383996138 138.829220937 
87 0 1 0 9.80100550833 7.16053673659 6.06432881299 2.59776037038 4.56603223187 10.0863947076 8.06487812449 4.30233364298 3.50208480272 12.9063899321 9.3453715083 13.1945289729 15.9536721388 22.2066784305 18.7987478246 15.6059809163 33.0354352719 26.1583150917 32.0222947089 46.1686018814 46.5955396025 53.9535662226 67.5742624453 
87 0 1 1 4.6626859548 9.62360244712 9.86520071248 7.72128331824 17.1588974864 31.2699078133 27.1162089981 21.650889563 27.2818043996 32.4428615288 35.2178142556 35.457044136 44.7292549479 52.1894101686 46.9153448953 59.9919665225 89.2423200763 83.5874986589 93.9265800798 133.566859631 146.237993427 188.662586367 197.862804741 
88 0 0 0 5.87400505861 0.572613494999 -2.13152690201 5.96532474084 4.64158322572 5.00347563897 2.79205914866 -1.15187841205 1.78968564511 1.30239370736 0.547493766899 0.666842758963 1.38264864477 2.67937892139 -0.0554370174219 0.129556989896 -0.0377827957859 -0.205483811197 0.0 0.0 0.0 0.0 0.0 
88 0 0 1 9.33172199726 19.1160727414 20.73772286 29.5898281537 57.5285775121 87.3146682732 123.347199597 129.487896149 119.618415623 100.127600531 76.8795529081 78.0650190502 83.8857396903 100.39290582 53.9251312172 28.9351276151 15.0370465397 2.80441672611 0.0 0.0 0.0 0.0 0.0 
89 0 1 0 7.40521553432 3.1209205539 0.575586499567 1.19672550243 1.04558671989 0.346945524869 0.966135281877 1.60104888169 0.330978556406 1.23246491572 2.39972710093 1.60231554805 -0.949575674032 0.908214113768 4.12371823887 8.05879217178 10.1503580374 3.72033697705 5.98134563848 8.14125006023 8.67742564916 14.3171239909 16.5189627539 
89 0 1 1 5.48231886866 7.00211083272 8.77755221003 10.8253225236 10.4901714156 10.8577940399 8.19252153695 8.32993761018 10.9678604753 11.5599667073 12.2716038929 15.8418806715 9.80525890081 12.2490589662 15.459575981 20.976683868 28.1151284358 34.6807645368 42.6140054101 49.7083140665 83.9423171011 109.762803482 124.310570118 
90 0 1 0 8.47175540525 0.972575072434 -0.268765679075 -0.0189168356953 1.42281051727 0.505212317563 0.657582484377 4.85055199454 0.150209973456 3.5462260782 1.17186344891 1.98772193601 -0.526491337326 1.87876866347 -0.921735572374 -0.257404878772 0.623616737588 2.51815909809 2.11066453196 4.15278605664 4.03418808241 1.83486729838 4.32710532143 
90 0 1 1 5.17216102347 5.43614753427 6.45602359078 6.87735939223 6.30487321619 8.05117053317 9.48795010099 14.0982481648 15.2213266045 14.5241638952 13.1125926324 16.0999284027 12.7796814102 15.9307264049 17.5416741897 18.5384521801 21.9571952799 31.2922669844 32.930710158 49.7708716723 56.2189748918 58.8650901823 64.6070704966 
91 0 0 0 7.30441913233 2.21201479413 5.23229573383 7.89736236989 13.272257772 4.18231877668 0.888116679295 2.63876996865 -0.145626206013 1.81637877049 4.31618374186 8.25516536762 2.26816803422 0.276696243394 2.81835184132 3.45206164836 9.24171376329 0.121678777159 2.34414639887 1.81013816804 -0.137218996777 0.0 0.0 
91 0 0 1 8.86805811401 22.4739491736 33.932350657 80.8382746175 173.070859478 154.665287739 118.376954436 107.69492164 77.9566097314 60.1400613599 58.1870927835 121.139111386 147.491365081 104.57942449 88.0612413793 126.562927174 125.278895778 125.711789053 118.126338103 80.5389931833 31.3691930047 0.0 0.0 
92 0 0 0 14.6469498895 34.3519123145 30.6425514209 35.4183131082 15.989730773 4.03466546688 3.94516245925 4.1430627462 3.8951820597 3.10823512436 5.40622836886 0.956820414386 7.27871991564 2.1883602812 11.1571351833 -0.207972726478 -0.409366467136 0.0 0.0 0.0 0.0 0.0 0.0 
92 0 0 1 5.3780939558 16.4536664184 39.2919097347 73.846518461 98.2518073156 82.2246612369 57.6979418822 40.9051452521 40.2663484498 33.5778696291 30.2491633944 38.9153126504 39.0656713408 40.148683212 75.5649402106 46.2999473382 17.9124642535 0.0 0.0 0.0 0.0 0.0 0.0 
93 0 0 0 9.0963998031 5.05908023568 8.15001068938 12.3873499146 14.0511672416 3.46657611129 1.05127126404 -0.171756106652 2.97699729538 24.4216274216 10.4139074425 4.23770140641 2.02370721625 -0.110081978013 -2.00073356554 0.0 0.0 0.0 0.0 0.0 0.0 0.0 0.0 
93 0 0 1 5.62895506232 14.2877525036 19.4761779965 50.1852744415 120.612446644 107.924636329 71.1555628453 46.4144174794 39.842666151 82.0203786782 137.237761206 134.301809594 110.561012401 41.8761556612 9.85226623761 0.0 0.0 0.0 0.0 0.0 0.0 0.0 0.0 
94 0 0 0 5.32301001339 7.36068627616 18.9243479141 33.1037319038 -100.441983904 8.35516264402 2.46721287935 0.21042080972 0.924790318731 -0.716868239624 7.2451692254 10.2806584221 -2.42354142523 6.624692726 1.90512728325 5.23534706582 7.8052418969 2.93685257274 -0.900387499403 4.74926479716 -0.10737206159 5.13290231023 2.68538759846 
94 0 0 1 10.5864368302 24.7568990269 52.8585403227 276.65438834 316.755060783 234.50448035 170.350164499 117.756090151 88.6997683149 69.6346371353 115.814750445 164.793359665 180.630365433 140.576853126 98.8805060994 96.3116917777 147.106175488 114.798258441 124.077116937 164.574009485 91.2664365779 57.6877464204 67.5660569216 
95 0 0 0 9.57979728988 5.23460052043 5.74805187584 10.1165940872 3.36627488778 -0.218592353224 0.424455749115 2.64060336539 1.85974687878 7.34692671592 3.5923474232 5.41972952571 0.324600266154 4.83750629661 1.01672303617 -0.0912822266092 -6.02247531749 0.0 0.0 0.0 0.0 0.0 0.0 
95 0 0 1 5.95916561171 14.1925119756 16.2617788299 36.5729737654 57.0759927518 70.0815020951 50.3963755876 44.5508184519 34.3608366049 49.1907323362 51.3156875068 57.4852469098 50.6389350469 70.8210474981 46.2712244001 14.4270504864 -8.82043854488 0.0 0.0 0.0 0.0 0.0 0.0 
96 0 1 0 10.0512676492 3.26327146296 4.80179140492 8.63298975152 7.71582297587 2.47703484367 6.83423945964 4.9750671595 11.2997833685 9.58185013977 7.79386961097 9.31748349183 11.9426965455 4.74103953918 9.23078744173 3.21926477015 7.78692836606 16.5637004275 10.6205313592 13.4008057837 10.8596801068 16.4796796445 18.0278131456 
96 0 1 1 5.04855240339 10.6965659046 9.62213739145 9.75313650103 3.44391475248 10.070867748 11.7371050788 17.0007654486 14.97960521 14.8529745526 16.4220205364 14.2693288717 13.496437824 13.4817857398 16.4949545127 12.3276153487 22.9227889757 25.7021554789 39.5402809303 36.287525275 40.3611969172 42.7114885049 38.8648545435 
97 0 0 0 8.16023800156 1.90921342141 5.84138846111 6.1896549384 5.81667545191 3.8565081433 -0.702269698532 0.198518474179 3.0988610645 0.251209407633 2.35933800811 1.98879630878 1.87942599838 1.72253436818 4.08430128128 2.45799791004 -0.072035602636 -0.0175906234901 -0.188846017847 0.0 0.0 0.0 0.0 
97 0 0 1 7.94668409518 22.2525960212 36.8956087161 110.343332934 155.869467846 122.400729207 97.7452400378 63.6331059778 43.0451179372 34.1246218373 34.4063940015 54.3440825616 69.405452205 58.4489309576 108.377674322 92.4494823235 50.1961839086 22.0329009826 5.55188353523 0.0 0.0 0.0 0.0 
98 0 1 0 6.69437633651 0.228856869954 0.494684937461 0.400938686447 0.685088099501 0.330049792797 0.959414697485 0.0966363712372 0.0886065479948 2.41699235406 1.20518763366 2.50518342842 0.156987554085 0.538094413118 0.182285351883 0.511380250954 4.21989812712 0.759430816111 4.22331149565 3.34682442893 4.5836096625 5.50976592321 5.34433310316 
98 0 1 1 6.16156343282 9.33787236557 8.57141704627 7.00735364111 9.10558999556 7.66268737865 6.47572944767 6.23205322924 7.28461499524 9.56734185076 13.8383973997 15.0383247681 16.4094695039 20.8239478634 22.795892956 26.7523642092 29.277655375 40.5067830349 39.2360571597 46.0690648579 54.7781558513 55.2481156487 63.2184350097 
99 0 0 0 12.0023534301 14.5660488703 26.3979420187 38.5761202123 15.3720099407 23.9153384149 7.79262387128 2.98826929537 22.5702967023 27.2250513042 41.7750354304 7.71363662206 16.5930288582 17.1950460562 13.3707340708 12.6873650519 11.7430802291 22.5467864683 12.9607026862 13.1693595829 -0.848421172348 -18.6559641497 0.0 
99 0 0 1 4.72239288609 8.86940900564 10.8363080947 34.7050696584 64.1182874751 61.386745308 49.0437355941 30.2582860659 27.2642825542 45.365721527 63.1034994961 60.2452090347 57.5335582725 44.9087819638 48.1226601694 48.9594369421 32.3370695856 25.1258256189 52.8712645997 33.181921387 17.9713615675 -4.50869644642 0.0 
