0 0 1 0 9.83673057384 -0.341703458127 0.122907002912 1.78683604239 -0.375494574096 0.651122402549 -0.296881772071 0.20140031626 0.701788364124 0.742993139812 2.17606191903 4.50392512769 0.826843196426 1.38131360516 2.85781800034 2.51718595531 0.762471667976 2.20297543314 1.14081496266 8.72775993888 6.82313329324 1.74329539508 4.41251297009 
0 0 1 1 5.68210611862 6.54049990509 7.56713451368 6.60043869599 6.91598960876 7.88412255402 7.99897768356 10.9996627891 12.6486876774 15.9629675797 17.2879612323 19.0309544737 21.0011108635 15.2721978771 20.3414272342 20.9629951847 24.6371887724 28.723080536 26.3304900487 31.7561723799 35.7745571314 34.691050943 34.3446383833 
1 0 1 0 7.41179477549 6.38659315286 3.014003918 5.82592645591 5.35068816777 7.92970783201 8.81922769459 10.0167640103 20.908527781 11.3098230363 7.05502872572 6.65081409713 8.6774947568 5.0324788203 0.78807179192 -0.207140131455 0.0 0.0 0.0 0.0 0.0 0.0 0.0 
1 0 1 1 6.11557372538 7.06814794489 14.7548554719 10.7660102927 10.9501773543 16.8386218735 26.1945681768 28.2460392806 27.8268839649 24.0729675388 30.7926073974 29.9987278692 19.466411344 8.02849487954 0.621290090532 0.149461602812 0.0 0.0 0.0 0.0 0.0 0.0 0.0 
2 0 0 0 6.57689487092 8.72303018084 7.89798559298 10.987783535 4.53087368063 -13.0752734448 3.68550705297 1.05845438784 -0.00121311885178 -0.00168807711696 -0.0036366337785 -0.0166787672175 -0.145646295561 0.0 0.0 0.0 0.0 0.0 0.0 0.0 0.0 0.0 0.0 
2 0 0 1 9.89900485648 20.4317374481 32.7580620322 93.5713556716 117.523918839 89.7736378408 59.0067614051 36.5469662102 22.3764466068 17.1709835472 9.56495520805 3.68273799765 0.685192909954 0.0 0.0 0.0 0.0 0.0 0.0 0.0 0.0 0.0 0.0 
3 0 0 0 9.12936937659 3.1233777475 3.70264433 7.92034567994 -1.53888000488 3.70181811071 -0.310891616801 1.44899036425 -0.5393844578 0.504960770725 2.25679017157 5.46566473795 2.3368953734 0.696342036309 -0.0573043491761 0.258349283221 -0.377440342157 -0.488876627702 0.0 0.0 0.0 0.0 0.0 
3 0 0 1 5.24300108397 13.6530063728 18.3611689774 24.5765363701 35.3613876657 32.9913871689 23.0176878921 19.1150511778 12.6020913961 11.7968067924 16.0550482289 21.1337442709 40.5891735713 26.8934144083 9.02605192545 4.69049266865 3.96526129129 -0.320589394657 0.0 0.0 0.0 0.0 0.0 
4 0 0 0 6.64883292015 14.9350380918 29.066540635 1.05984074285 -1.74461545576 2.00226412236 -0.174648426564 -0.506359062779 -8.1490729994 0.0 0.0 0.0 0.0 0.0 0.0 0.0 0.0 0.0 0.0 0.0 0.0 0.0 0.0 
4 0 0 1 10.2086235202 26.9277804049 61.8161196036 145.556457181 131.321546873 85.7180584311 49.7774164793 27.6675555366 -10.4244751343 0.0 0.0 0.0 0.0 0.0 0.0 0.0 0.0 0.0 0.0 0.0 0.0 0.0 0.0 
5 0 0 0 5.51099287821 6.56295101043 5.99917739518 15.6247476165 71.8895311542 0.0 0.0 0.0 0.0 0.0 0.0 0.0 0.0 0.0 0.0 0.0 0.0 0.0 0.0 0.0 0.0 0.0 0.0 
5 0 0 1 9.86800715935 18.3593480024 38.6234944434 119.410407968 167.356623542 0.0 0.0 0.0 0.0 0.0 0.0 0.0 0.0 0.0 0.0 0.0 0.0 0.0 0.0 0.0 0.0 0.0 0.0 
6 0 0 0 10.4339029801 13.0579684917 9.3025128915 8.19444685033 6.26079849878 4.7308073326 7.16655126495 2.01807423137 5.58701993169 5.72926612405 8.61612099231 0.248226314594 2.57594381432 -0.355158386064 -0.499303811496 0.0 0.0 0.0 0.0 0.0 0.0 0.0 0.0 
6 0 0 1 5.3263813528 7.73480031725 13.538163257 21.7098631061 32.6408796026 37.4691136527 33.2306846779 34.4097787486 37.6146188726 26.3234905791 25.7771592625 17.5528815184 14.6850138724 8.98725656415 1.52016076603 0.0 0.0 0.0 0.0 0.0 0.0 0.0 0.0 
7 0 0 0 8.97524896516 6.81889767992 1.96200321917 3.25235064574 -3.48909172338 -0.227532618665 -0.655910925926 0.0 0.0 0.0 0.0 0.0 0.0 0.0 0.0 0.0 0.0 0.0 0.0 0.0 0.0 0.0 0.0 
7 0 0 1 7.35177040991 32.6694067782 55.2765589649 67.0260185146 51.5181735071 28.4888515491 13.2504448002 0.0 0.0 0.0 0.0 0.0 0.0 0.0 0.0 0.0 0.0 0.0 0.0 0.0 0.0 0.0 0.0 
8 0 0 0 10.3572596303 17.6863193913 21.779662632 5.48621691855 2.4696138232 3.42090494771 2.66722220178 1.98460099685 4.31260674955 1.05434510032 2.74845458678 7.86450902988 6.90998010941 9.68474416749 0.193966710997 0.113879916447 1.07186437789 9.35468654392 2.37671182362 3.54594194545 -0.933121825152 -0.0276439663457 -0.0254759769968 
8 0 0 1 5.83242315465 13.1401836163 20.8851040535 60.2460381329 35.5569682629 28.7218409639 24.7527120261 22.7428604583 21.651205143 18.6455844652 27.1255108223 24.9014295926 22.3895208556 63.0923268398 40.0840204802 20.364591608 9.17257946371 12.1500595243 54.0771671955 47.1565017988 27.0959489489 10.1468337685 7.61429509902 
9 0 1 0 6.68284398918 1.62189194458 0.278178417077 0.314734196138 0.110637058974 0.530241797567 0.162910109037 1.15664777767 0.406720110573 0.235658780258 1.22006057434 1.07632897253 1.59010304059 1.3073268839 0.471858850758 1.57115270213 2.37995183423 2.84807356607 5.05135637951 1.86244107808 0.806550147741 0.391761384114 -0.636812735478 
9 0 1 1 4.62578494641 5.77919931685 6.41453656911 8.77215357922 9.87627356594 6.53963775615 6.26398755735 4.78454175027 5.93696306806 6.45547971396 7.40522989227 7.81951550717 11.1839085203 16.6591719473 19.9220496749 25.292920081 23.4483583216 24.0676209806 24.017789953 27.5691821321 22.139586546 21.2078488034 19.4501337235 
10 0 0 0 10.0232905973 4.91489605089 5.29626651329 3.77240683614 1.86904794123 -0.0328409634976 -0.317096947076 -0.067961730343 -0.255425033782 2.64842129821 1.90858924119 1.32440316843 -0.24913423773 -0.0708552961067 0.0 0.0 0.0 0.0 0.0 0.0 0.0 0.0 0.0 
10 0 0 1 5.0351620451 9.80102386493 15.0235353063 26.8351196616 25.16966527 25.9133300353 23.9701514722 13.70437861 8.01266602833 6.66547572213 5.73654677459 6.41816627658 3.19995929629 0.319059133999 0.0 0.0 0.0 0.0 0.0 0.0 0.0 0.0 0.0 
11 0 1 0 7.60752400399 -0.13210412719 1.02103840711 -0.555464897157 1.36462123487 2.88472372839 1.37494886362 -0.536273749357 0.00488976875607 -0.432200039197 2.44977522346 0.569464169003 0.296083808268 0.403076438022 0.680059944393 1.72975215805 1.70053931281 -0.123297427353 0.0261104743637 0.272112453424 -0.242496097332 2.04876009467 0.697719044327 
11 0 1 1 5.96743576543 7.70213096818 7.96915580382 10.0952831713 12.0846777542 11.1998096657 10.1441289888 3.75482632943 4.22166166923 3.77074732992 7.8464769739 6.51080049041 12.9198902207 9.72114353816 13.1811803364 24.0373524525 16.1850322282 21.8905132117 14.5647647351 6.38134929111 3.95989948761 7.79406866244 7.90850193634 
12 0 0 0 7.96709802642 27.6417539341 42.3958143935 29.5271830913 7.00266651445 4.04452376715 -0.117226108635 -0.590204005025 -12.182557031 0.0 0.0 0.0 0.0 0.0 0.0 0.0 0.0 0.0 0.0 0.0 0.0 0.0 0.0 
12 0 0 1 8.30853274094 29.965716516 88.4764045596 196.957607515 210.705204398 144.586052944 102.518229099 52.5836599447 11.93317361 0.0 0.0 0.0 0.0 0.0 0.0 0.0 0.0 0.0 0.0 0.0 0.0 0.0 0.0 
13 0 0 0 17.0226552749 20.1268079393 24.2862097574 98.3772877869 36.777932339 0.0 0.0 0.0 0.0 0.0 0.0 0.0 0.0 0.0 0.0 0.0 0.0 0.0 0.0 0.0 0.0 0.0 0.0 
13 0 0 1 3.8990533574 8.02557530479 15.5962450644 139.597604509 172.891136767 0.0 0.0 0.0 0.0 0.0 0.0 0.0 0.0 0.0 0.0 0.0 0.0 0.0 0.0 0.0 0.0 0.0 0.0 
14 0 0 0 8.83905574095 22.0158520509 36.8459192941 -8.42848548242 -2.86176411455 -6.00863915732 0.0 0.0 0.0 0.0 0.0 0.0 0.0 0.0 0.0 0.0 0.0 0.0 0.0 0.0 0.0 0.0 0.0 
14 0 0 1 7.82999088252 42.9666496259 136.842732734 219.4460755 116.189151608 37.4451511738 0.0 0.0 0.0 0.0 0.0 0.0 0.0 0.0 0.0 0.0 0.0 0.0 0.0 0.0 0.0 0.0 0.0 
15 0 0 0 11.9532820975 13.9797383522 27.7573359237 12.5479105943 1.36295602934 -0.0343438882675 -0.0436192542055 -0.182387734995 -0.941816553922 0.0 0.0 0.0 0.0 0.0 0.0 0.0 0.0 0.0 0.0 0.0 0.0 0.0 0.0 
15 0 0 1 4.96146347146 17.1759828901 33.5683030415 74.827694377 63.7081086162 34.4991979613 22.7792960487 11.587440367 8.4402740513 0.0 0.0 0.0 0.0 0.0 0.0 0.0 0.0 0.0 0.0 0.0 0.0 0.0 0.0 
16 0 1 0 5.94838132443 1.1524484297 -0.0951874563653 0.218739444333 1.38937443426 0.778681119412 2.1610715973 -0.642477025621 1.65040799806 -0.469322190197 4.82819726505 3.83495790781 0.115641055438 4.86851346767 0.605068395872 2.08691624808 4.48331417492 1.00147338298 7.77126428597 11.7693314402 12.3759719015 10.43535427 11.2732970524 
16 0 1 1 7.39147597168 10.4897168194 9.15277524296 7.85269249049 7.4051120517 11.5672669044 10.4724250225 13.6903057631 12.2445641354 14.3378904785 18.1781794489 19.9126875182 23.4344556692 31.3953310934 36.9510288314 42.9506911367 42.7275316297 56.6818229076 78.3473958489 94.8853290753 112.153117284 114.330568668 121.542176001 
17 0 0 0 1.28082520572 8.50195482662 1.81939020695 9.64074593719 2.57749724128 3.06918882408 -0.0223966528155 -0.039800863446 -0.130289330765 -0.807545804466 0.0 0.0 0.0 0.0 0.0 0.0 0.0 0.0 0.0 0.0 0.0 0.0 0.0 
17 0 0 1 13.9973966811 24.7742526012 46.1049785712 105.326326624 151.748429356 104.097619797 61.9706040867 37.8420787927 20.5192905606 3.47735663398 0.0 0.0 0.0 0.0 0.0 0.0 0.0 0.0 0.0 0.0 0.0 0.0 0.0 
18 0 0 0 10.6182488501 1.59786176932 3.7516050512 7.12790151013 -0.242018696804 -0.00474451198036 -0.00389369953451 -0.00431851490234 -0.00503763958994 -0.00899455471355 -0.0187266638438 -0.0403475077433 0.0 0.0 0.0 0.0 0.0 0.0 0.0 0.0 0.0 0.0 0.0 
18 0 0 1 5.67095916019 20.9837913816 30.7881522336 60.2319818439 54.4944120917 36.081905434 13.577947764 11.1522690207 8.82068468454 3.96037357389 2.6636336563 3.09111967215 0.0 0.0 0.0 0.0 0.0 0.0 0.0 0.0 0.0 0.0 0.0 
19 0 1 0 10.5740693357 0.807519616796 2.2693308421 0.0937957701542 4.64440422569 1.21135603367 1.18669218882 2.45619552585 -0.161869235296 0.629567783708 0.314520765484 0.801512410817 1.01249987898 3.18700863052 3.9450887656 1.68080207694 1.10533969401 5.47126360406 3.06980582727 -0.445459425617 3.39542575485 3.99312353221 1.45564019342 
19 0 1 1 4.95940045065 8.08846159576 9.57653273687 9.55397533004 10.0424866677 7.3905707281 4.21466587044 2.81232477842 7.68539615596 10.6938509179 11.9072354591 14.5624567763 13.6434751416 8.07817642239 12.0379734182 10.6246059584 27.1560346071 22.2235088066 20.6283007072 19.1160818173 15.2161947453 13.0834000037 6.92046396445 
20 0 1 0 6.02975976476 0.790746667716 0.509166834553 -0.358652885841 -0.0677976701376 0.267403253871 0.569687806884 -0.115105828679 0.00398328118569 1.05158002486 -0.223304938259 -0.00790320072993 -0.167665778365 0.921289591246 -0.066469706526 -0.0747015684373 -0.1422400968 0.447160790526 0.430076828566 -0.123942959191 0.620282085422 -0.312904144637 0.192687930265 
20 0 1 1 6.60865435252 8.67113216737 8.88920749943 8.92713983916 9.44140248022 8.63488931023 6.53124510337 6.56683348301 7.14486416282 7.05806491959 8.08518237427 7.53855888852 7.89495341813 12.8311489556 8.00814222035 7.44584808616 7.76015980954 6.96007009287 6.47016786023 6.98708698316 7.20917417555 7.65126746499 7.59542008569 
21 0 0 0 11.2830631834 11.1510680599 7.91724252699 8.94142244648 0.221250334168 1.43276128432 1.82462845062 -0.0705497083607 -0.455066402094 0.0 0.0 0.0 0.0 0.0 0.0 0.0 0.0 0.0 0.0 0.0 0.0 0.0 0.0 
21 0 0 1 6.1282851372 22.3335513698 33.4546414634 69.0136333266 57.4275051131 45.2041578476 49.1216039459 23.7895389455 14.3234541714 0.0 0.0 0.0 0.0 0.0 0.0 0.0 0.0 0.0 0.0 0.0 0.0 0.0 0.0 
22 0 0 0 11.8410242821 15.8751528009 29.6704781901 17.6117424148 8.82969749203 6.40727471088 2.0583365668 5.61137707851 6.82026211647 3.000974982 8.66352671187 2.00392603341 -0.142020727373 6.8849794261 12.7836668854 1.10221783056 3.757819705 0.687414251218 -0.0321675498513 -0.876762039751 0.0 0.0 0.0 
22 0 0 1 5.61253957474 11.1749235207 21.6459598207 66.7561747197 70.5811366349 55.1070622652 39.177757233 28.501132921 22.6673806505 22.081419132 27.2631530019 30.943586437 22.3191556179 13.1047073623 94.2904542208 47.0938343567 31.567842608 17.2094707982 7.72995078729 2.67619189889 0.0 0.0 0.0 
23 0 0 0 11.3679690009 11.035984262 11.1688745283 9.5020118793 4.09679988036 0.0050007782459 6.78357378306 -2.73733829535 2.0055540435 0.0830177102103 -0.403445464103 2.94147396354 2.54268963619 1.8380313664 3.05535359087 2.06937719783 -4.50278863822 -1.90656977613 6.23230438069 3.20913403864 4.99611426888 1.12897181603 4.48228271849 
23 0 0 1 6.65113159065 19.1086854729 40.0903594966 51.3876395797 53.261196709 35.342050126 36.2405519948 32.5625017297 38.8690998721 39.2937689202 25.644465063 24.6573561337 36.1566379292 20.5031619073 14.4390898299 41.3232869229 40.8027110309 20.0577608385 24.2471908017 37.6937807391 30.1352741636 38.9663235624 28.454783084 
24 0 0 0 8.32419903241 13.5979412268 10.2294744002 32.630875376 -0.155672425532 -0.050903838986 -0.0662466301356 -0.150147325315 -2.04332231768 0.0 0.0 0.0 0.0 0.0 0.0 0.0 0.0 0.0 0.0 0.0 0.0 0.0 0.0 
24 0 0 1 7.68437724941 23.8134141283 50.1607068597 68.22355817 35.2982095695 24.8500705764 16.3426506909 13.1505331741 2.29594476098 0.0 0.0 0.0 0.0 0.0 0.0 0.0 0.0 0.0 0.0 0.0 0.0 0.0 0.0 
25 0 0 0 11.4656292455 3.71107036143 8.6596086445 4.76879969051 2.26305167548 0.377258199328 0.936245001489 1.25701094704 0.286414498251 -1.97756092301 -0.0403105056268 -0.0444763672103 -0.0642651522458 -1.66508111323 0.0 0.0 0.0 0.0 0.0 0.0 0.0 0.0 0.0 
25 0 0 1 5.17540121583 7.07656639673 16.5324776464 23.5189954718 28.2713977287 22.7289081251 20.1694950643 19.3237510879 19.7046036124 15.9432732657 11.2964999918 9.32586554381 7.43594446645 -0.579658442462 0.0 0.0 0.0 0.0 0.0 0.0 0.0 0.0 0.0 
26 0 1 0 7.69799367052 1.23146154117 4.99798651868 3.96874487914 3.72394775948 5.16039017093 4.80839862002 6.4022684005 1.65056210051 4.69544724091 2.03005261863 4.86722450818 2.16792661622 6.27432128353 4.2528006591 8.12226705149 6.20389545775 9.06497279338 4.22255064934 9.25465317194 8.9270286785 7.42002308705 -0.390186065001 
26 0 1 1 6.01865214879 8.37898815566 11.0316739614 13.0088576899 15.5554623911 15.9968959636 25.3776351754 22.459138298 22.5490098086 20.6816420299 16.0601186785 16.0939192225 23.4070727374 25.655521946 27.4379520386 30.1733243464 29.4613194759 20.8248633695 27.6826869923 30.6274377223 27.7850220069 24.5594875137 18.1812177456 
27 0 0 0 8.30272973362 17.5240321079 33.4533028314 5.21101451978 2.13920231886 2.56434374162 -0.477774528423 -0.0123016140048 -0.0421457832149 -0.527121768158 0.0 0.0 0.0 0.0 0.0 0.0 0.0 0.0 0.0 0.0 0.0 0.0 0.0 
27 0 0 1 9.46244644598 25.8366842426 64.2955689616 121.352835882 106.998475619 72.3502367352 57.2632661856 37.0643571962 21.3672740886 11.0575923877 0.0 0.0 0.0 0.0 0.0 0.0 0.0 0.0 0.0 0.0 0.0 0.0 0.0 
28 0 0 0 8.32166561744 3.21909921392 15.098778204 14.4953883085 3.48588562718 -2.88733191899 -0.294857116387 0.388838436306 0.34745396384 1.0474206843 2.35247144373 2.02548541011 1.80257825705 -0.114617934922 -1.11383868746 0.0 0.0 0.0 0.0 0.0 0.0 0.0 0.0 
28 0 0 1 6.05343741032 14.5257244687 33.8922709845 93.5266022715 96.7159545865 66.7915084392 45.6328240969 33.2246757586 23.0049960639 19.3783977388 47.4210069252 80.1543759611 64.0723645883 25.9384630444 5.16650471476 0.0 0.0 0.0 0.0 0.0 0.0 0.0 0.0 
29 0 0 0 10.511094753 15.5896166765 20.1865534201 -1.5335164197 -3.00672208944 -0.900824916892 0.928780406266 7.5025401499 0.584397504154 -0.0640725957725 -0.0912049074777 -0.309788216066 -2.85929757745 0.0 0.0 0.0 0.0 0.0 0.0 0.0 0.0 0.0 0.0 
29 0 0 1 6.29338640485 13.4968143119 40.0338361943 78.1207359611 61.6009066054 42.7085895829 25.1960526659 29.2882097322 41.3496922974 24.6862296331 13.4870519842 9.84771082641 -0.191818564222 0.0 0.0 0.0 0.0 0.0 0.0 0.0 0.0 0.0 0.0 
30 0 0 0 4.43528991006 6.91080600702 13.780564513 7.02320682615 0.0207503822831 0.654269800966 2.74647182048 0.649845803678 -0.291058197724 -1.35499740802 0.0 0.0 0.0 0.0 0.0 0.0 0.0 0.0 0.0 0.0 0.0 0.0 0.0 
30 0 0 1 9.68411282824 22.169165236 36.2753888932 84.3094703425 56.4558115336 35.2016436071 25.7282696211 23.127581598 13.0712493137 1.30120402331 0.0 0.0 0.0 0.0 0.0 0.0 0.0 0.0 0.0 0.0 0.0 0.0 0.0 
31 0 1 0 4.1560069395 -0.220452827999 0.170879258675 -0.26661424748 -0.13384435062 0.914235943989 0.795697539222 -0.380705948456 -0.105191094152 -0.210589853265 1.26530680694 0.863919664845 0.325662867337 -0.335548832403 0.501452137681 0.0948955123222 -0.832129257944 0.263518173517 0.750589642754 0.128742347598 -0.621973604551 -0.617207077891 -0.057787797829 
31 0 1 1 6.94653012826 8.95503715397 9.46389592516 7.99682566336 9.15877429248 8.88981356488 7.59858780265 7.19847900265 5.83148529749 4.58655333945 2.67940978311 4.66101614152 5.14049386223 8.79483037405 8.74235461175 13.5578662328 9.21598824704 10.5474913199 8.97313815289 11.5932364199 14.2590017146 17.0585765978 14.6550016577 
32 0 1 0 9.07630567688 7.86639588108 4.02831926799 6.36095914063 0.869894971936 1.42535407389 1.85425599222 0.526365077383 1.55515979329 9.24013689421 13.7550514537 7.90849602706 12.8487383705 10.1722882196 6.39200544539 10.3570350848 5.82886336061 15.6173911543 8.32825951583 1.98540029712 4.10432794624 3.34254023255 2.04503138294 
32 0 1 1 4.93191226346 4.89989549187 8.6763910347 9.07588396806 4.51166845087 3.02393389405 2.90940428714 1.13381550379 3.64685905675 9.75078196629 23.3951067421 24.910471016 22.225110836 24.3628817983 20.1546935409 18.3961460225 16.0757031283 16.6501521539 14.4961672269 5.36996267522 6.73265144242 5.76808516381 4.95084433285 
33 0 0 0 8.11823919284 3.09140725054 9.04616725618 1.34500913163 1.34332341511 0.43703386637 -0.0691503600621 -0.196562544657 -1.96168586378 0.0 0.0 0.0 0.0 0.0 0.0 0.0 0.0 0.0 0.0 0.0 0.0 0.0 0.0 
33 0 0 1 7.98691259754 21.9738369113 34.6622685175 50.2931536236 76.88877289 67.7261029125 43.079164286 24.8527288007 0.598128931861 0.0 0.0 0.0 0.0 0.0 0.0 0.0 0.0 0.0 0.0 0.0 0.0 0.0 0.0 
34 0 0 0 7.63405222609 2.36878106258 4.01527090518 -0.758368892857 2.23019425956 0.406794718575 2.01710551675 0.59270461738 3.68404564122 2.56717893406 -0.11255714887 -0.0742837244011 -0.0773547523367 -0.233297149835 0.0 0.0 0.0 0.0 0.0 0.0 0.0 0.0 0.0 
34 0 0 1 8.10775179371 14.3464807091 18.9371779031 23.2349120514 25.047837715 36.892759936 37.0985224083 32.725569449 44.8135276336 49.6446391209 47.7173861245 25.5531279302 19.642683864 2.67639548617 0.0 0.0 0.0 0.0 0.0 0.0 0.0 0.0 0.0 
35 0 0 0 12.1030875323 18.6012772794 22.7656311003 13.8554249074 -0.00798998367018 -0.00254451504017 -0.00233001438836 -0.00851048276094 -0.148630874501 -5.11720058492 0.0 0.0 0.0 0.0 0.0 0.0 0.0 0.0 0.0 0.0 0.0 0.0 0.0 
35 0 0 1 5.43587994491 19.8754580204 41.2794412895 97.0233007622 77.5471217631 50.6388203988 32.8974670264 17.0359009148 8.61082090529 0.270168756303 0.0 0.0 0.0 0.0 0.0 0.0 0.0 0.0 0.0 0.0 0.0 0.0 0.0 
36 0 0 0 10.8586198895 31.4696840543 29.9538419734 10.1758721384 2.63159988727 0.488508317334 0.364241148299 -0.729861781873 -23.6128071206 0.0 0.0 0.0 0.0 0.0 0.0 0.0 0.0 0.0 0.0 0.0 0.0 0.0 0.0 
36 0 0 1 6.745127076 27.7068181166 57.9849791222 88.6291460083 63.5784509326 44.3064753294 27.8332219251 18.1981217012 -11.8225347135 0.0 0.0 0.0 0.0 0.0 0.0 0.0 0.0 0.0 0.0 0.0 0.0 0.0 0.0 
37 0 0 0 8.85407206945 19.0989655368 23.9251446068 6.48935584176 2.37632801321 -0.0384576604108 -0.0874811366663 -0.551091777843 0.0 0.0 0.0 0.0 0.0 0.0 0.0 0.0 0.0 0.0 0.0 0.0 0.0 0.0 0.0 
37 0 0 1 7.52376543327 33.7511395638 90.1495813808 210.819349982 185.928667186 114.896761234 66.1202477351 33.4837664411 0.0 0.0 0.0 0.0 0.0 0.0 0.0 0.0 0.0 0.0 0.0 0.0 0.0 0.0 0.0 
38 0 0 0 4.30391078525 6.90783541885 7.02606380738 3.33875165389 4.56221161214 0.302456981048 -0.0164929273303 -0.0129950494435 -0.0323606620452 -0.200272073081 0.0 0.0 0.0 0.0 0.0 0.0 0.0 0.0 0.0 0.0 0.0 0.0 0.0 
38 0 0 1 10.7524349494 27.3036897129 53.8691791313 103.828121115 100.993425387 77.9030328716 52.4144508345 31.6177495484 16.4235496826 9.73476040083 0.0 0.0 0.0 0.0 0.0 0.0 0.0 0.0 0.0 0.0 0.0 0.0 0.0 
39 0 0 0 13.0469065329 18.3595051303 16.3990502644 12.9327980932 5.98703747487 0.0741954037853 -0.0418573978401 -0.0592235687148 -0.179915154676 -2.75307821926 0.0 0.0 0.0 0.0 0.0 0.0 0.0 0.0 0.0 0.0 0.0 0.0 0.0 
39 0 0 1 4.66366992503 24.1071212589 58.7349584558 83.3364710995 62.8146941399 43.7920120329 25.8208436557 23.1650008073 16.879922758 6.19012530184 0.0 0.0 0.0 0.0 0.0 0.0 0.0 0.0 0.0 0.0 0.0 0.0 0.0 
40 0 0 0 9.91695763131 4.83575317401 9.28329126762 -0.00144178344299 5.1922177042 0.0856877152114 2.05867406889 4.45945107127 0.0753716085652 -0.121175836951 -0.458819140201 0.0 0.0 0.0 0.0 0.0 0.0 0.0 0.0 0.0 0.0 0.0 0.0 
40 0 0 1 5.76438695876 24.6682412236 44.1314712023 87.401031022 70.132577631 48.5140390635 43.1777676937 41.3625665756 19.2012940102 10.8216749022 1.93015544093 0.0 0.0 0.0 0.0 0.0 0.0 0.0 0.0 0.0 0.0 0.0 0.0 
41 0 1 0 7.31790807813 1.76078575693 0.863557549682 -0.0828056302295 1.57231551971 -0.0171141489882 0.232538660528 0.758252090928 1.00914797345 3.18135740885 0.895840075372 1.00802364052 0.24663563711 0.733321397427 0.3439543206 0.627444531019 1.40475085034 2.63206409926 1.62037471543 -0.358199048217 0.237479936756 1.9410201424 1.25621257166 
41 0 1 1 6.32945885174 8.34391860915 8.33029925987 8.32770379907 9.17711908168 12.6444664884 13.1034529883 7.22719589296 2.82837797757 5.16618266715 7.81166850377 13.6830084629 9.54962056795 9.12569792177 11.0394567901 7.4475416704 5.0635477005 8.25855952262 11.9615619836 9.73080568074 9.92823912986 11.2299848736 8.48441756247 
42 0 1 0 7.65738935292 0.884514213506 0.196638319307 1.41339677833 -0.132443439227 2.51932265475 1.56887289985 0.725042313096 -0.0357290356624 2.28108633063 1.27718009834 1.99884503565 0.398282131389 1.43170524281 1.0881228434 1.3645530231 0.777944000105 0.517210321573 0.662306413353 -0.0491810645363 -0.0425170546752 -0.11003140442 0.0 
42 0 1 1 6.70977706892 13.8121652067 14.2126740101 14.354367666 12.0230408928 10.1755013671 12.1809162072 7.88499574821 7.51609585737 13.8314318555 10.4540657631 12.496761888 12.6195964293 13.6583367358 12.645200554 8.82317233652 6.69078565301 3.15882093952 1.77099363241 0.576685084498 0.645074898679 0.570065126497 0.0 
43 0 0 0 6.40518112834 1.97414841046 4.92281630068 -0.702264733932 -1.05735135628 -0.027752276612 -0.0336885239328 -0.0634997238258 -0.280853375683 0.0 0.0 0.0 0.0 0.0 0.0 0.0 0.0 0.0 0.0 0.0 0.0 0.0 0.0 
43 0 0 1 9.38074191784 24.0886960232 30.8286466632 49.1248069119 54.6243213452 41.6388951204 24.1356205514 12.7403843704 2.60164881878 0.0 0.0 0.0 0.0 0.0 0.0 0.0 0.0 0.0 0.0 0.0 0.0 0.0 0.0 
44 0 1 0 8.50501525506 1.13853828524 0.990337303642 2.78363611559 2.62603090586 3.14050616839 1.5234468732 1.2584091224 -0.22568254511 0.489875513791 0.321820402801 3.00685586916 1.38954574876 5.13982522776 -0.0397414406634 0.963627957817 4.14942829191 0.163286960751 0.816410934196 1.28643418294 0.315436791053 1.33214233211 2.44146590519 
44 0 1 1 4.7298747762 7.98438262077 8.32096759508 4.88998825928 6.38662746915 7.65616594364 7.10373702503 4.74998366332 5.63952017544 6.10134302503 3.22722280458 9.09035275961 13.1569603073 18.4885890403 20.5635150012 9.73223536806 12.7151835868 9.76865198007 14.7212983608 8.85110448901 6.25570579973 11.6447619494 11.7442807291 
45 0 0 0 13.8141953817 23.1181858438 12.4891609962 3.25691153192 -0.0152560310893 -0.00482119408516 -0.0087994160517 -0.0416023772052 -0.238652065271 -3.32082949998 0.0 0.0 0.0 0.0 0.0 0.0 0.0 0.0 0.0 0.0 0.0 0.0 0.0 
45 0 0 1 5.53984593945 22.8351764468 35.4690535889 65.0903358366 43.3279415053 25.0505857678 11.528865755 7.67870994005 6.73450793131 -2.87350060968 0.0 0.0 0.0 0.0 0.0 0.0 0.0 0.0 0.0 0.0 0.0 0.0 0.0 
46 0 0 0 10.3494876593 11.3828382518 30.3108399226 19.6065750102 18.562445577 5.9761153863 -4.15184069974 -0.0319188900279 -0.0482546375447 -0.161521611082 -1.12608314904 0.0 0.0 0.0 0.0 0.0 0.0 0.0 0.0 0.0 0.0 0.0 0.0 
46 0 0 1 5.58230766222 18.6302593849 33.4348811383 104.363371197 132.641971491 105.888018652 71.9356367992 42.9474382831 23.815566689 13.8284257255 6.22783122139 0.0 0.0 0.0 0.0 0.0 0.0 0.0 0.0 0.0 0.0 0.0 0.0 
47 0 0 0 10.9421780617 11.0575480363 12.5103272875 14.7776096718 5.28629534443 -0.42645669884 0.91446646879 -0.0833320090232 -0.397605749749 -6.01171395523 0.0 0.0 0.0 0.0 0.0 0.0 0.0 0.0 0.0 0.0 0.0 0.0 0.0 
47 0 0 1 6.06110509796 20.2433138102 40.1745675418 65.7779817178 54.8698700849 39.3773750477 25.8423024187 15.9448877469 8.27420509574 -7.80182250046 0.0 0.0 0.0 0.0 0.0 0.0 0.0 0.0 0.0 0.0 0.0 0.0 0.0 
48 0 1 0 6.99112743155 -0.650837347905 -0.401747264265 -0.967682287133 -0.126676026754 -0.109608896826 0.649303250134 -0.60614301823 1.44453990155 1.8519449903 -0.436519971153 -0.522773304607 0.26756552299 -0.287930641825 0.307227198056 2.14639782246 0.31959401099 -1.42169521433 3.53219363826 1.88639060614 5.07924989522 3.37073905645 3.07738381803 
48 0 1 1 7.01035419923 8.63133632616 8.92918546646 9.04149110062 10.6211940809 8.70019278222 8.19930003983 8.37791130589 9.41166317028 8.90044264604 13.1238198455 14.5543529697 13.8025931161 13.7753524496 14.1155232576 15.4934822523 28.0421884681 34.3107674555 43.4764781416 52.6548040588 64.0122946061 68.0859232193 71.6206513547 
49 0 0 0 11.1246081575 11.1004459221 14.7881875376 7.20048199401 4.15716400764 -0.0106661190763 -0.301881976466 -0.415062894992 -5.25219308404 0.0 0.0 0.0 0.0 0.0 0.0 0.0 0.0 0.0 0.0 0.0 0.0 0.0 0.0 
49 0 0 1 6.53424837996 20.8621529499 30.1440330519 46.7709996154 50.8660600418 25.9300587739 16.2913868041 6.8324975318 -4.08814330614 0.0 0.0 0.0 0.0 0.0 0.0 0.0 0.0 0.0 0.0 0.0 0.0 0.0 0.0 
50 0 1 0 9.13872543854 0.56211823899 0.673891624349 1.28445365564 1.73527673831 4.4973475414 6.53915935925 1.09344294934 1.34216182113 2.54653895583 1.66012155139 6.64202020193 6.56944603839 6.14891140206 9.0110143248 5.17943515336 7.44701206324 6.58864587184 14.4569333659 11.853248833 13.0666541981 31.2342112385 42.7728860501 
50 0 1 1 5.79543072983 7.85632222058 8.90658093137 12.2060112295 17.7916425361 20.4311063919 21.8282077752 16.7438823769 22.2572878202 29.2425852678 24.7712271091 26.5486772193 30.9733576663 39.3213849268 58.0809954641 66.3960843891 64.3609529819 66.1151894566 80.3576642019 95.4403620573 126.930490357 166.325565284 215.92342487 
51 0 0 0 10.5942302739 8.94707914085 7.57815332495 -3.17471895425 0.343823434836 -1.48749745186 0.369234492514 -0.62099672294 0.0 0.0 0.0 0.0 0.0 0.0 0.0 0.0 0.0 0.0 0.0 0.0 0.0 0.0 0.0 
51 0 0 1 6.63568696913 29.5647575815 38.4661383931 40.3866462249 31.9873881974 35.6116756878 24.0940631346 10.8046327605 0.0 0.0 0.0 0.0 0.0 0.0 0.0 0.0 0.0 0.0 0.0 0.0 0.0 0.0 0.0 
52 0 0 0 13.7488479258 23.0806211404 33.9735170712 45.1536209747 7.32604014044 0.697378427846 7.40342024956 4.00616862953 23.0359598975 14.5916997921 5.69743345023 4.72451741179 10.1248043198 2.87619773847 13.9798886966 11.2642923425 18.775052213 7.66264453258 4.57719808808 31.0387524601 0.466073860974 -0.0685904468392 -1.09708020917 
52 0 0 1 4.54875481099 14.7125542844 27.057011063 84.4682837115 94.6376385052 56.6246631365 37.972179554 32.6145056924 54.2823445593 64.2443674067 70.9055632139 40.7195812745 50.9053937806 42.663924688 52.4740032791 67.5495445491 53.5201161087 79.1019484355 42.0608087239 86.2187508471 105.754024359 35.3877791396 14.8748210597 
53 0 0 0 10.7998839367 18.70286559 21.75391828 13.2741041185 0.703178377393 4.48843524123 -1.68551510175 1.49816926409 9.01539192094 5.6776484602 2.14004563124 4.97883779726 7.99213430755 0.120093745971 -0.0650941327056 0.0 0.0 0.0 0.0 0.0 0.0 0.0 0.0 
53 0 0 1 5.42759175114 8.49010171805 16.5994963205 31.7312631697 24.7186104858 26.5597705088 18.9699967589 16.7646786355 10.1082877815 10.0507624845 14.3579117069 16.7392299739 17.1309222115 12.2918518946 2.1471296118 0.0 0.0 0.0 0.0 0.0 0.0 0.0 0.0 
54 0 0 0 10.0704446483 4.43260034206 5.65553318961 5.29564093123 3.85484507828 -0.0390244157129 -0.0289921155856 -0.0653844595837 -0.793183271566 0.0 0.0 0.0 0.0 0.0 0.0 0.0 0.0 0.0 0.0 0.0 0.0 0.0 0.0 
54 0 0 1 6.99860931173 34.7380936947 43.3536225032 59.7851604654 47.0289454466 27.0411309687 19.4617285972 9.55688486868 1.9756425275 0.0 0.0 0.0 0.0 0.0 0.0 0.0 0.0 0.0 0.0 0.0 0.0 0.0 0.0 
55 0 0 0 7.78905618388 13.7734473136 9.78075991256 6.39872120806 4.8140584365 2.92458457536 2.6096909202 6.40884636918 3.233177156 3.38106435561 4.71662528245 3.74464580264 10.6601196584 -2.49724024196 2.29047019087 10.136254543 3.71489984496 3.19374611736 1.48280560536 5.12547367856 5.20210017982 2.00961928106 8.90534754801 
55 0 0 1 6.10618542014 12.2625852213 22.6029997769 46.8104246334 42.9406932314 46.3553752295 38.72599439 31.9811154499 27.0606199674 22.4033047359 30.180094946 29.6254799245 40.7166465829 46.56589555 21.3294076602 33.7132476704 45.7969040465 29.8106128601 24.8097380222 30.0503851374 25.3479733903 25.3831322683 21.5792677802 
56 0 1 0 7.04356420925 0.381073669629 0.194491784515 1.10452453812 0.11556361962 -0.0339752466016 -0.0837763866026 0.70149315489 0.760774960354 0.324108654815 -0.150181853234 0.493386856725 1.47608141599 1.35352856062 2.02324569878 3.53042161522 0.593919444375 2.26968645222 0.547171972784 2.57601492131 4.97113804701 -0.140412321938 0.977824005165 
56 0 1 1 5.18682362499 7.81964615902 6.96166079696 9.09044587744 9.75438572206 7.81102917708 10.1212461021 11.9651216886 8.19313426858 8.37354164163 9.61957582765 10.4377276467 9.5748189038 11.3461198835 9.53317100007 13.7871466155 26.888988408 24.0117314939 23.6316894965 15.9508866858 34.0195019301 37.7248491788 31.3684663892 
57 0 0 0 9.52752194421 20.3414055179 45.7823626367 30.890685818 6.78595220538 -5.28619228017 0.648059137184 0.160770401457 -0.217604538537 -0.848493752123 -11.8164235146 0.0 0.0 0.0 0.0 0.0 0.0 0.0 0.0 0.0 0.0 0.0 0.0 
57 0 0 1 5.78321621656 17.8970721424 37.5270757244 111.697077731 126.301760094 92.9209664816 61.9937282143 42.4888148223 24.0210819638 13.087675964 -1.83381403373 0.0 0.0 0.0 0.0 0.0 0.0 0.0 0.0 0.0 0.0 0.0 0.0 
58 0 0 0 8.77329222319 17.2271698844 35.7809506247 10.1059745414 4.7009071729 2.86335085836 0.397717300941 4.81317810154 7.6542400121 -0.110119195325 -0.488275603517 -5.17746272286 0.0 0.0 0.0 0.0 0.0 0.0 0.0 0.0 0.0 0.0 0.0 
58 0 0 1 6.43343128984 14.3442927532 28.8746381238 42.4512271502 40.2019626535 23.4713438405 21.231520953 15.3564330914 22.7398623332 14.6120977758 7.90995771538 1.76985645727 0.0 0.0 0.0 0.0 0.0 0.0 0.0 0.0 0.0 0.0 0.0 
59 0 0 0 11.207350263 14.2642366046 18.3326598015 2.3546180908 0.811813574574 -0.0108767527742 -0.0062363457943 -0.013762437902 -0.0670241665446 -0.722904230358 0.0 0.0 0.0 0.0 0.0 0.0 0.0 0.0 0.0 0.0 0.0 0.0 0.0 
59 0 0 1 5.58445125092 19.4727265646 56.9288820767 71.4942333101 59.8883327112 29.6500924218 18.7059924703 9.7379060344 4.7268430784 0.448866812243 0.0 0.0 0.0 0.0 0.0 0.0 0.0 0.0 0.0 0.0 0.0 0.0 0.0 
60 0 0 0 9.84580987459 12.2708104639 21.929965495 50.8080165311 16.9475295543 13.0644493403 9.00620399667 6.98741005247 0.756131747859 -0.143283150898 -0.0742697051327 -0.261444583254 -1.38626022195 0.0 0.0 0.0 0.0 0.0 0.0 0.0 0.0 0.0 0.0 
60 0 0 1 5.27267205162 8.17936903567 12.5556457305 44.23754502 65.7632925531 61.8660276798 43.5880083377 39.1574850267 32.1144505461 27.7788195321 13.9254810547 8.59381367734 5.46488576529 0.0 0.0 0.0 0.0 0.0 0.0 0.0 0.0 0.0 0.0 
61 0 0 0 9.36182370146 11.7041745353 11.8241462444 20.9308196898 35.4986988668 24.2093040734 7.28342623105 11.7285756368 11.9690059844 45.1290297811 10.084602028 6.52255286844 5.25209213354 -2.47210568528 8.25648589135 13.9448392751 7.13985832365 28.2878033044 14.2363174196 17.2988029318 20.7117860523 9.14115689401 8.90899055101 
61 0 0 1 5.38567860538 11.3511353218 26.0476089876 66.194756455 131.758821389 250.228186886 238.083101058 227.473228166 217.470680216 189.062602253 158.329343621 144.749935879 142.499073121 124.033499842 136.940884269 138.09553283 133.326726721 132.228484104 197.941521862 186.028909958 139.079550003 163.664400271 130.873568814 
62 0 0 0 12.8040341688 19.6438263946 32.3638336491 35.9140534865 11.2236541507 0.0853923998811 -0.0627619009287 -0.0944335172357 -0.310945123147 -3.43460252765 0.0 0.0 0.0 0.0 0.0 0.0 0.0 0.0 0.0 0.0 0.0 0.0 0.0 
62 0 0 1 3.91954511965 9.3585984339 25.3223106723 57.7458330792 58.3403901877 38.9416613965 21.6337846176 11.4808204561 5.64024681177 -1.48372604873 0.0 0.0 0.0 0.0 0.0 0.0 0.0 0.0 0.0 0.0 0.0 0.0 0.0 
63 0 0 0 7.60377114613 7.36801121791 10.0555614183 13.3198641287 8.36309479188 2.38226741756 3.04386471844 0.78550215661 -0.0765364202617 -0.0942721484553 -0.177662789873 -0.520932535015 -1.83738909263 0.0 0.0 0.0 0.0 0.0 0.0 0.0 0.0 0.0 0.0 
63 0 0 1 6.83090601558 14.3707161027 24.2313800317 48.1557728323 96.1205735421 85.1525805452 63.5187695379 73.939489724 49.3120284278 36.0021215113 18.1791851225 6.9599365854 -1.55075915025 0.0 0.0 0.0 0.0 0.0 0.0 0.0 0.0 0.0 0.0 
64 0 0 0 9.03675510011 10.8083949861 2.24110589134 19.1183388319 14.094761327 -19.4574904393 -47.5066021165 14.0418079313 8.95617779316 7.78785497273 -2.9087666648 4.26076533586 9.72518577224 -2.18949518351 8.92643509113 4.13693058468 2.90559519841 -0.0164014900845 3.07072165239 8.29559663351 -3.64138625152 8.23374480163 2.62979864553 
64 0 0 1 7.34665609631 23.3766330366 43.3381833255 122.00129131 269.492786753 302.800573633 268.180010639 258.558591372 217.198918317 182.191276332 152.373108155 141.89088131 179.180066004 154.670814188 169.626215458 210.243659604 165.473450266 84.0381238818 72.3824333276 154.30553688 188.035815066 163.734449651 127.733893294 
65 0 0 0 11.898274504 8.17690540149 2.19350481877 7.5797396156 1.16613334723 3.94302947889 0.0115023781623 0.598831375797 -0.00567834711396 1.13422717773 -0.147762048826 -0.0191535598534 -0.0688827092954 0.0 0.0 0.0 0.0 0.0 0.0 0.0 0.0 0.0 0.0 
65 0 0 1 4.78286680251 19.1368337306 24.0072966857 32.6393796515 46.8065355371 42.4224318956 35.1714308966 28.9367144128 20.5083594632 20.4905006238 15.1735320368 8.87992724874 5.33034896259 0.0 0.0 0.0 0.0 0.0 0.0 0.0 0.0 0.0 0.0 
66 0 0 0 8.89890054707 5.96765915538 16.1002749904 18.0621644904 -2.81646424851 -0.0581948714648 -0.0933484716418 -0.571068565095 -13.2692061511 0.0 0.0 0.0 0.0 0.0 0.0 0.0 0.0 0.0 0.0 0.0 0.0 0.0 0.0 
66 0 0 1 6.60938236181 27.5348487088 41.1376521669 134.803856346 110.054209528 62.4955939876 39.4393522553 21.7047466998 -11.4854450007 0.0 0.0 0.0 0.0 0.0 0.0 0.0 0.0 0.0 0.0 0.0 0.0 0.0 0.0 
67 0 0 0 9.04412183622 15.044617668 25.0439857089 16.2557418186 -0.654336001757 -0.0168102267683 -0.0178461931575 -0.0527081815943 -0.540350177485 0.0 0.0 0.0 0.0 0.0 0.0 0.0 0.0 0.0 0.0 0.0 0.0 0.0 0.0 
67 0 0 1 5.51361873065 23.2575158756 52.1865060432 208.215550447 208.966329853 122.080194315 77.0594651951 43.7139184146 23.4047447329 0.0 0.0 0.0 0.0 0.0 0.0 0.0 0.0 0.0 0.0 0.0 0.0 0.0 0.0 
68 0 0 0 7.74028557432 9.36336329142 3.16287829417 3.70133672498 2.99935101521 7.91477212578 1.29003894919 0.25832144568 1.21391151571 2.18573300161 11.8125617859 -1.90850889067 -0.444404914514 -0.467706564361 -0.380985239835 -0.0727039994494 0.0 0.0 0.0 0.0 0.0 0.0 0.0 
68 0 0 1 5.81680521487 10.5896860656 16.7631754375 21.2982179841 20.2895561732 19.7985128343 19.059348838 13.1174000466 10.5296375362 12.2216818462 22.4390069009 30.563939606 23.3952590227 9.63177529238 4.8013291906 -0.0183519848449 0.0 0.0 0.0 0.0 0.0 0.0 0.0 
69 0 0 0 11.0096903487 12.8771466256 20.0371757447 3.76971949353 -0.545725277268 -0.0765385155803 -0.0351673407417 -0.0599262353234 -0.193192835171 -1.25091230497 0.0 0.0 0.0 0.0 0.0 0.0 0.0 0.0 0.0 0.0 0.0 0.0 0.0 
69 0 0 1 5.06141610538 13.9920819161 25.8908249249 50.8198171083 51.9428060998 39.8998803727 24.2126359887 13.7912888866 12.3850926039 6.11925278021 0.0 0.0 0.0 0.0 0.0 0.0 0.0 0.0 0.0 0.0 0.0 0.0 0.0 
70 0 1 0 6.66716660452 0.576916020621 0.0347556699931 0.302823655786 0.879816562134 -0.411771208253 0.502104312845 1.1705027821 2.5672302187 2.39365689348 -0.511368035962 1.61880331472 0.55307553564 0.164240251475 1.86050142902 0.411822539183 4.48629473074 0.683492801364 3.95287641031 -1.02309997756 1.44715503515 3.35538748498 1.31479875922 
70 0 1 1 5.29970226132 5.70678619225 6.10204478897 8.01740074769 9.69131408975 11.1607909456 15.7255321817 18.2385163972 21.4055625982 20.5365263317 21.6555790594 18.2742543689 20.4058506392 17.4559208806 19.6904024219 24.6888280245 28.6277212758 31.7400631425 40.7109818356 44.5338579708 46.4565925629 47.2123221554 45.5647017751 
71 0 0 0 11.3925040129 6.59907064068 8.32704559368 16.3866799691 3.91429408442 2.3900481766 -0.0220352337795 -0.0449131848014 -0.16870635626 -1.88736158444 0.0 0.0 0.0 0.0 0.0 0.0 0.0 0.0 0.0 0.0 0.0 0.0 0.0 
71 0 0 1 4.67223496341 13.0191677003 29.8046115691 76.0235038492 75.9346064433 42.9577576823 24.7947923953 15.1613583884 9.53967251712 -0.291287486459 0.0 0.0 0.0 0.0 0.0 0.0 0.0 0.0 0.0 0.0 0.0 0.0 0.0 
72 0 0 0 10.9163607832 4.42805962334 6.21194054441 13.6953726767 12.8703111965 7.05566577872 13.0957465111 -4.91548501283 2.06538554264 6.20704750396 7.62695219232 9.34275633118 5.79537627671 6.5766135698 9.2510763355 4.04858435316 5.6712265791 -0.867002245458 2.55646846627 6.04446052052 9.58872955023 6.30983107835 2.32161199711 
72 0 0 1 5.26902539068 16.6376993056 21.8220091549 76.5193306548 173.962490121 182.332379774 153.465154621 115.579962641 92.0119074308 111.248443962 151.480898297 149.146985605 140.027843062 147.653553252 139.801530023 133.589673623 127.653546829 104.755736093 66.8018674726 85.2778085241 124.650260208 126.362123227 156.473481394 
73 0 0 0 7.88345858275 18.379587418 23.6150154443 -18.1074558515 -0.2627485373 -0.143839724591 -0.425752318885 -11.3189431841 0.0 0.0 0.0 0.0 0.0 0.0 0.0 0.0 0.0 0.0 0.0 0.0 0.0 0.0 0.0 
73 0 0 1 7.22209269225 22.7431144458 56.8582763627 106.268553865 58.2468694884 36.0209040256 19.1168469974 -8.14497017003 0.0 0.0 0.0 0.0 0.0 0.0 0.0 0.0 0.0 0.0 0.0 0.0 0.0 0.0 0.0 
74 0 0 0 9.56921933658 6.0591964516 13.6377915668 19.1993800862 7.23257514944 0.21278008757 3.94857857436 4.31842694452 2.21949817768 0.918121812588 6.96424898241 6.32874278792 10.1954830443 3.31302091195 5.31758217766 3.27093951814 0.793262361863 10.6932178684 4.12558723827 1.3960506684 -1.45643483363 17.7992439614 8.19436210499 
74 0 0 1 5.81770625498 22.6285563339 52.8293324588 182.475184376 213.028836117 173.429797428 144.620695565 107.868574034 77.5197142455 57.6150042093 65.2298751873 69.9997212456 98.1885555975 155.226404333 131.565884887 95.4076199397 57.7139101699 89.049726096 150.327295925 114.826579702 70.5993250214 108.184481779 125.393427901 
75 0 0 0 9.23012363004 10.0536833394 12.0505963085 10.9725934971 1.91955132944 -0.371182537704 -0.00929254913813 -0.0214181226794 -0.109208131753 -0.801712471778 0.0 0.0 0.0 0.0 0.0 0.0 0.0 0.0 0.0 0.0 0.0 0.0 0.0 
75 0 0 1 5.23025825926 6.49228146942 9.22956994836 32.5863818397 56.7852067701 45.4195243721 24.1966486598 14.4055307031 8.21209413881 3.05930656449 0.0 0.0 0.0 0.0 0.0 0.0 0.0 0.0 0.0 0.0 0.0 0.0 0.0 
76 0 0 0 8.43095519816 9.93004223304 7.88000143122 9.46308941057 25.1777563358 37.0981455159 37.8395515889 26.93356354 20.8324640575 13.6435983261 15.6107946655 12.9001126973 2.90730309543 5.8177627759 25.3110837298 28.7761697558 8.31844568375 11.1263968697 13.9518671739 12.6270246863 28.6617523676 34.7375059285 13.5116419802 
76 0 0 1 5.70092207403 8.13879666494 11.289143619 16.9415365448 41.8810212375 106.122813185 163.106197717 151.522540064 121.34924495 94.5471827388 103.193600343 88.1794923187 76.9255142279 64.0702714291 72.0674209449 134.021207423 99.0883560135 54.8297253978 66.5428212579 84.1177227448 104.533166287 151.841462848 117.990455774 
77 0 0 0 8.85574133582 7.13274164582 2.56635251988 2.11856873348 0.104716981549 1.07509030099 -0.0385855619389 -0.0104388642029 -0.0220937564651 -0.151941484515 0.0 0.0 0.0 0.0 0.0 0.0 0.0 0.0 0.0 0.0 0.0 0.0 0.0 
77 0 0 1 7.31544234291 25.8763147869 35.4649466238 33.517843875 29.2834902643 23.5097539161 20.1155100254 11.775381913 7.33159545934 2.66818667594 0.0 0.0 0.0 0.0 0.0 0.0 0.0 0.0 0.0 0.0 0.0 0.0 0.0 
78 0 0 0 8.18982704396 3.00235437643 4.39724842634 2.98425780571 -2.51241735241 7.18230799134 -0.359927641349 4.01993809026 -0.783176461021 0.785309908029 0.295785017153 0.731857632961 -0.116907596129 -1.61486800422 -1.05883164035 0.668227624057 2.58820653105 -3.19891389037 0.0 0.0 0.0 0.0 0.0 
78 0 0 1 8.78188959941 20.7980590595 34.5910927127 48.5894664875 46.6314111859 36.4840986543 25.7445575525 20.0263095791 19.5202709262 17.8456442185 17.3081762046 20.6225477921 59.6838898423 49.1609398995 40.861454153 20.3971916395 49.8406579184 49.4122084903 0.0 0.0 0.0 0.0 0.0 
79 0 0 0 7.90981698535 8.58903522264 12.4754450178 1.64688517494 0.162827143926 -0.0281706061183 -0.0527160287108 -0.265611962926 0.0 0.0 0.0 0.0 0.0 0.0 0.0 0.0 0.0 0.0 0.0 0.0 0.0 0.0 0.0 
79 0 0 1 6.60161136646 16.9736072287 41.8471888457 76.1488405242 52.0479382822 33.3318820415 25.9326505349 15.3020948338 0.0 0.0 0.0 0.0 0.0 0.0 0.0 0.0 0.0 0.0 0.0 0.0 0.0 0.0 0.0 
80 0 0 0 12.2397624002 24.3318910338 79.575797664 65.0144464587 10.7683357061 3.5655095033 7.96479531834 8.21113179092 16.7964407879 18.1816486485 21.0868422855 12.8428056023 15.020206511 2.56474412158 23.5982325555 9.94047925426 16.3289503605 31.4129452959 23.4218007671 11.970255687 13.0510504431 4.53687264333 8.46304641455 
80 0 0 1 4.85321210526 14.5651543916 52.3137069949 247.372451143 245.545518288 176.236712889 127.608713625 98.0061758276 86.6297551501 147.321136534 177.869423105 143.686055804 118.248864114 53.1110276442 75.6484533101 123.006241045 114.848385021 129.97128847 128.629096788 113.689312786 126.094501572 114.271870264 84.2043721156 
81 0 0 0 10.4062721709 6.7870195258 9.87995930651 1.47640588755 -1.86966951768 -1.17266203916 -0.508441246384 -0.0102503456349 -0.0220731347301 -0.0847297714788 -0.898249559526 0.0 0.0 0.0 0.0 0.0 0.0 0.0 0.0 0.0 0.0 0.0 0.0 
81 0 0 1 4.84438241923 20.4731659274 37.8524541317 47.9847160748 38.2537137388 27.9778819243 20.1103190714 14.3779168791 9.16182153998 4.60494376733 -0.459089676601 0.0 0.0 0.0 0.0 0.0 0.0 0.0 0.0 0.0 0.0 0.0 0.0 
82 0 0 0 6.46209491266 6.17990154981 14.6556911046 4.63218437344 3.13371612861 3.03012726825 -0.089867947027 -0.162300509986 -0.895714323688 0.0 0.0 0.0 0.0 0.0 0.0 0.0 0.0 0.0 0.0 0.0 0.0 0.0 0.0 
82 0 0 1 7.70316116789 23.7029358614 43.8428846071 151.430368863 149.683102021 125.337936584 81.2475018158 45.8738743384 20.3121402917 0.0 0.0 0.0 0.0 0.0 0.0 0.0 0.0 0.0 0.0 0.0 0.0 0.0 0.0 
83 0 0 0 8.24033327013 1.98910016861 -0.093617367008 2.3489905668 2.55263291863 1.96800874298 2.59801451645 0.25565056496 0.00098506478256 -0.0116361344562 -0.0167098019182 -0.0256022291035 -0.0401821110374 -0.0907326075597 0.0 0.0 0.0 0.0 0.0 0.0 0.0 0.0 0.0 
83 0 0 1 6.52827790842 17.5818115868 24.5500906656 32.6586455251 49.1639492077 43.0929963131 51.7472328867 39.133535808 24.8462896991 11.3977600496 3.25977572145 1.29676548296 1.61392582488 1.04158392754 0.0 0.0 0.0 0.0 0.0 0.0 0.0 0.0 0.0 
84 0 0 0 12.1255467244 17.8250786933 35.3676785127 35.2511657927 21.359416434 3.90195398165 16.9424577448 13.9694260274 -1.92974389221 0.0780998533896 4.79258205263 12.2690624662 12.570175876 11.4116494414 8.21409583077 21.2582067606 4.89105292451 -0.0140373086982 -0.600387533889 0.0 0.0 0.0 0.0 
84 0 0 1 4.11873206828 16.5969430375 43.8617492658 159.397442615 163.702570002 128.507445457 110.920390515 110.630233012 93.8443538651 61.3815572522 45.6988582352 96.7985193573 131.938788783 118.14495429 69.4085066658 135.425043891 105.658159367 56.8119343104 18.6048843672 0.0 0.0 0.0 0.0 
85 0 1 0 7.34597525945 0.311522480871 0.234315012483 -0.464748417067 0.184218464491 0.238517546664 1.84012305035 0.918000287411 -0.0618497300986 -0.0623336509682 1.89478288573 2.57400742282 0.987437591087 0.130703268504 0.544011793945 0.574497222917 4.02597077854 10.4691692136 3.39363780665 5.38995695905 6.24667082718 17.7760000047 9.32805558179 
85 0 1 1 6.71342614421 10.2861673361 9.74757330873 9.55490578984 8.35616140816 10.7172012939 13.9794314183 20.6159484269 20.1233117485 24.2433854878 30.1227339526 31.4325798364 29.8167963608 38.5661020069 41.6939031573 47.7684519153 60.9409837136 83.2714881904 114.137541707 132.245278071 166.797554246 188.611103836 231.34410156 
86 0 1 0 7.25572386358 -0.070388222183 -0.376388989994 -0.48534983917 0.10799607956 -0.136168849119 0.892395893098 -0.242262102663 0.795055239609 0.981100468772 1.05320482721 0.842980439473 -0.274005808919 0.0959277881262 -0.534760223008 1.27208061223 4.49783086153 1.83394280511 0.902274999805 1.23854994494 0.141193267708 4.24185873078 5.54858182825 
86 0 1 1 4.98542368826 5.89798353564 5.38361427361 6.14490143469 5.55243551087 5.88201730747 6.56157478052 9.33300715127 7.41794265314 8.39836819241 9.58732807692 9.09954800019 8.87136000699 11.6219353267 16.9966246014 19.6210295182 24.9021328463 26.9417292831 32.5752283512 34.2944265537 42.3085336666 53.3296200683 61.8185892748 
87 0 0 0 14.1587329378 15.5916810085 36.7354531452 12.8715518539 -0.277352098444 -0.0242532247842 -0.0206076826951 -0.0889145943281 -1.0227422264 0.0 0.0 0.0 0.0 0.0 0.0 0.0 0.0 0.0 0.0 0.0 0.0 0.0 0.0 
87 0 0 1 5.71244055558 16.7776007406 39.555789561 88.2622749071 56.5700948621 34.2488161879 28.6593894661 13.6888172583 8.85203610864 0.0 0.0 0.0 0.0 0.0 0.0 0.0 0.0 0.0 0.0 0.0 0.0 0.0 0.0 
88 0 1 0 8.51804178177 2.69625113778 0.32597008426 0.682269802642 0.6081902438 0.92154421198 -0.131064692545 0.646532743939 1.3358836886 0.927595603219 0.782827852935 -0.478428757748 0.952898310673 -0.511796484676 0.907043461071 0.261028995639 -0.154229793094 1.11963167337 1.76438603844 1.03920931426 0.299490119657 1.20601185194 1.69560471522 
88 0 1 1 5.49175917504 8.1788030563 11.3161986981 13.0688837898 12.2364399982 10.8439754341 14.2628214633 12.4324991857 11.9805566072 15.592023929 16.0674621766 15.8378253573 15.9131335723 12.7146225072 15.9115209666 21.8617132841 21.3377774116 17.0269782146 15.9553319948 15.8257739069 14.5149922537 17.2241013164 19.5165825793 
89 0 0 0 9.3997917369 16.6275336432 11.791865421 13.7626753393 1.42710738815 0.565037855464 -0.021781683026 -0.0227963458359 -0.0460564587371 -0.184102871877 -1.36148981171 0.0 0.0 0.0 0.0 0.0 0.0 0.0 0.0 0.0 0.0 0.0 0.0 
89 0 0 1 7.14927175964 13.1692131359 22.3798266855 65.8506031419 54.4323303529 26.966492986 26.0704717455 18.0737510213 12.8175718063 6.42122573715 2.66448358271 0.0 0.0 0.0 0.0 0.0 0.0 0.0 0.0 0.0 0.0 0.0 0.0 
90 0 0 0 7.78422148431 11.7524543483 24.0393226196 21.1196337092 1.69775509951 -0.0134359369683 -0.0158804270919 -0.0582860389394 -0.732892079856 0.0 0.0 0.0 0.0 0.0 0.0 0.0 0.0 0.0 0.0 0.0 0.0 0.0 0.0 
90 0 0 1 8.04048271876 18.6623612771 65.2113354253 197.035005354 203.901291822 131.830707227 83.455174996 56.3696946643 25.8121593055 0.0 0.0 0.0 0.0 0.0 0.0 0.0 0.0 0.0 0.0 0.0 0.0 0.0 0.0 
91 0 0 0 8.71469971813 4.86831389731 2.1049803104 -0.840859818528 -0.074606878265 -0.957138173148 0.292903905416 2.2918351239 0.162660615288 2.52841771568 3.61160644236 0.658490252472 -1.79065206802 -0.0212898263807 -0.423386814412 0.0 0.0 0.0 0.0 0.0 0.0 0.0 0.0 
91 0 0 1 7.04883707304 22.1750668528 28.3959595647 32.7793729262 39.367042816 39.4429466636 29.6431870018 21.7749625891 25.9646599832 22.4804858805 33.3710313655 29.4662302343 45.0883664396 16.1208860051 6.92834223135 0.0 0.0 0.0 0.0 0.0 0.0 0.0 0.0 
92 0 1 0 5.87531265926 1.01492511488 3.0106665053 6.07077881331 3.49258718978 -0.387821000602 1.39253132984 1.19898927038 2.10620960545 3.34076161134 2.38877718603 7.99772919952 1.79641446803 6.33496631899 4.94720396383 5.96171905339 2.8559140743 -1.46142607281 0.484568251138 1.97455388788 0.0613531699575 1.60836840885 0.381745403989 
92 0 1 1 6.07759770774 8.25584892616 10.1234258072 9.00541899881 11.2563420124 11.7802778492 17.4476407933 17.1358546989 16.8357295867 19.7588769652 19.6504961119 17.245381958 20.5914725478 26.3836832507 23.6818746227 16.6037870056 17.6057597616 5.67793415391 1.45575534075 3.16675144008 4.72673590547 5.71879757494 7.41497400363 
93 0 0 0 10.392163371 10.0778852333 7.56482804722 7.50097350324 15.4067015803 18.2715086904 15.9056848581 7.3871425256 3.51506755325 4.16287057788 2.13504952052 0.943149013789 0.507076986648 2.00254862478 -0.133845691956 -0.492733119432 0.0 0.0 0.0 0.0 0.0 0.0 0.0 
93 0 0 1 5.28469883761 8.03445274284 15.2401151999 17.357365808 30.7896311548 43.7082466343 60.7651955511 50.3055716191 39.4820982425 31.6992979632 30.1885451202 23.2741039539 13.4612749693 8.1500222617 2.48476766455 0.149114995385 0.0 0.0 0.0 0.0 0.0 0.0 0.0 
94 0 0 0 8.80940949583 8.31298535869 6.18939078308 3.34905256912 -0.296312074047 -0.0965454167485 -0.0877041872119 -0.15291224986 -0.584925946123 0.0 0.0 0.0 0.0 0.0 0.0 0.0 0.0 0.0 0.0 0.0 0.0 0.0 0.0 
94 0 0 1 6.70261976734 16.8727589059 32.5176006366 47.1855802468 42.8591006643 24.466673059 16.7689424985 10.5131767208 2.31228092948 0.0 0.0 0.0 0.0 0.0 0.0 0.0 0.0 0.0 0.0 0.0 0.0 0.0 0.0 
95 0 0 0 11.0417273728 7.82922262434 5.9429089067 0.941400206938 2.58811220617 1.795568894 -0.107315746091 -0.00990851494963 -0.00656559827394 -0.0118830573955 -0.0434820005963 -0.736039103112 0.0 0.0 0.0 0.0 0.0 0.0 0.0 0.0 0.0 0.0 0.0 
95 0 0 1 6.71247877506 14.9127620545 19.0376629355 20.6566680287 24.7155833602 21.6081566754 18.3840227192 12.5658840807 10.205793354 4.09629045325 4.43505145586 0.44954990584 0.0 0.0 0.0 0.0 0.0 0.0 0.0 0.0 0.0 0.0 0.0 
96 0 0 0 5.69321919591 6.19807128569 9.25583755576 -8.06262767825 1.64254963119 0.773735190045 -0.120926992404 -0.790037634505 0.0 0.0 0.0 0.0 0.0 0.0 0.0 0.0 0.0 0.0 0.0 0.0 0.0 0.0 0.0 
96 0 0 1 10.4091553618 27.8263213444 45.4009748058 80.5712171625 72.313737815 43.0000898113 20.0555893951 6.01757321741 0.0 0.0 0.0 0.0 0.0 0.0 0.0 0.0 0.0 0.0 0.0 0.0 0.0 0.0 0.0 
97 0 1 0 11.2249596195 2.61088123815 8.34539737257 6.65178417473 7.17595391187 16.9310978036 12.6682120728 16.2233684742 12.7065319524 12.5729413059 16.1964962959 14.0385959427 9.38411264377 9.90554817029 9.19061808296 12.0480517154 10.9773844984 7.38135667605 7.39175342353 5.44869227996 6.2971788538 1.94836419995 3.1397079363 
97 0 1 1 4.71778341324 12.2760326109 13.5480345644 13.4277596706 24.2695054533 33.1477923537 24.8488954803 34.4821321519 24.3109035253 15.0071245765 36.1616565355 38.973103548 45.1961448703 31.754237138 25.0682466208 23.0954611297 29.3386076851 26.1051955203 17.1728369538 14.1345935801 10.7959740371 8.13616013516 4.3243523991 
98 0 0 0 9.54913599857 8.80503986043 5.45468893211 12.5292833669 27.2744669084 24.3649165991 11.6528009237 2.25093109238 1.28458346411 3.38415217177 2.98627030782 11.9303141395 19.3155874495 4.09612887423 18.3580822274 6.90912502026 3.16578066762 -0.0978191005521 -0.471201171759 0.0 0.0 0.0 0.0 
98 0 0 1 5.82978609477 9.14840739313 15.1687743591 35.7976392742 76.8993945897 93.7271398353 89.8108236067 73.0076629435 46.155031686 34.9820176813 30.6812106163 35.1534519335 60.6572015529 56.3071729634 60.2160793506 67.5432579438 62.8587557603 23.27200736 7.12479784417 0.0 0.0 0.0 0.0 
99 0 0 0 9.79886695734 6.33415781378 3.8039324636 5.50511943418 4.20356729171 4.48190327659 0.638048900992 0.783226362887 1.88555184872 2.24415548939 0.328360130137 0.083292320294 -0.195402159128 -1.08842305271 0.0 0.0 0.0 0.0 0.0 0.0 0.0 0.0 0.0 
99 0 0 1 5.44522657178 11.8912738643 19.2136084709 45.3531388241 48.4632223212 36.2626237607 30.4753082545 17.8826718802 14.7500444899 18.3228153733 17.0637049716 11.9861304088 6.38412763436 -0.391306224651 0.0 0.0 0.0 0.0 0.0 0.0 0.0 0.0 0.0 
