0 0 0 0 10.4246273822 11.6234638856 9.40552097693 5.54930253253 5.43613213193 5.6367056681 3.4030336987 2.99940054266 3.51763812309 3.50065802825 11.7349883002 6.34757838117 6.23906560214 7.37128102239 16.3059338198 16.0135289258 10.708684781 12.6860990095 3.78694107523 8.09339444049 8.0323023912 4.41857294958 3.21697035104 
0 0 0 1 4.8942217088 4.96919776502 9.03733902804 14.4776221054 14.8888487293 11.6049411684 12.4750025825 6.14139186068 4.20346923203 11.3865299555 23.7051333934 26.3535476947 26.9612020228 24.9368094366 39.5391545664 49.2137822641 36.2806377426 26.8693853161 17.610179569 31.6368689456 31.4571847087 16.8883412011 15.8867505562 
1 0 1 0 8.45429164893 1.24045805284 1.54873639157 2.27388774179 5.23163660559 6.48260651245 3.88298172492 11.9099900129 8.8018261494 9.03845973074 8.64778019235 5.82977066266 12.9604119637 8.74707504001 3.30230495173 11.9992257577 13.2523393759 11.1712488887 16.2814681937 23.7971921741 20.2584443487 39.4907525493 37.2271419599 
1 0 1 1 4.87552481454 9.24360658729 11.9973382521 10.2827970623 9.98758748932 13.8757863488 22.1212684618 29.1810294897 34.406877665 40.2958447304 38.2756126411 40.6130876896 45.9618566568 53.1351297559 40.4011586614 51.6013937116 64.7976629038 66.9771625258 68.966898428 78.8349417311 107.728651157 144.708213566 176.811424919 
2 0 0 0 11.6376684079 22.1896656916 11.2925029264 1.35763164376 2.26913925471 1.85388977319 4.10122333617 7.17197511304 1.90924108255 -0.539974912889 1.36907692371 -0.31130819934 -3.35318495207 0.0 0.0 0.0 0.0 0.0 0.0 0.0 0.0 0.0 0.0 
2 0 0 1 7.12793663991 23.0581905361 50.3999391991 56.7436924946 44.1102566349 30.1222976881 42.0582104182 66.3308248812 58.8845958733 39.6611672841 25.0415151283 13.8950819818 0.403409584693 0.0 0.0 0.0 0.0 0.0 0.0 0.0 0.0 0.0 0.0 
3 0 0 0 10.2596630131 15.3297761882 27.1876096144 27.0651340988 5.27565444174 6.82407694131 1.86380224293 0.680083216535 0.656924022745 -0.236340208558 -0.69174475593 -4.70318860451 0.0 0.0 0.0 0.0 0.0 0.0 0.0 0.0 0.0 0.0 0.0 
3 0 0 1 5.01994761319 15.7280651499 40.950740103 136.631405696 164.432207876 132.099602307 98.3729356109 67.5079592243 51.5221627777 38.252656123 21.2009305604 0.237472012544 0.0 0.0 0.0 0.0 0.0 0.0 0.0 0.0 0.0 0.0 0.0 
4 0 1 0 8.84575622637 2.4592259596 1.13665421667 2.46697207787 4.00942651082 3.91356726447 2.9933169404 0.468051544055 5.12293725188 3.31270990336 2.81180998829 3.39051125672 2.01429362293 1.9118292686 2.98654758627 0.254562702311 3.65756068658 5.8039986913 4.41404108204 10.9951326868 5.43076547652 4.99907646768 8.92521029819 
4 0 1 1 6.04593974175 6.64467109104 8.73714638673 15.0554910862 10.8650952135 15.8889870072 19.6526604813 14.5051443068 12.7819128325 11.3247597071 9.1631708031 8.51192168689 14.8919685353 12.2262011087 4.56436481991 3.82472455454 9.81653808025 12.7379858196 11.7696486704 22.356739876 26.2431038168 25.2836240251 23.0060059088 
5 0 0 0 9.19567626511 14.2321513245 20.7388570184 13.416163264 8.983767209 6.14889867284 3.26505093047 3.15548504566 11.9665481256 4.78271317807 4.38340330072 2.74203802589 2.94265121169 0.40500295416 1.03824704964 6.3184103643 15.2332904419 2.74932381229 1.55934337418 6.18171023424 16.6443259292 3.84595548949 18.3987956502 
5 0 0 1 5.46660988836 6.91423601572 11.8528300693 30.0749560441 49.7066233953 36.1702814917 23.5478092755 20.3519519772 17.2261486298 20.4306227647 25.0555213724 24.1142632705 22.603586974 8.83351035551 4.2764781873 25.1845919769 21.569519308 12.7875290098 17.6186718219 12.2885334239 46.8681659097 32.956671706 45.7450278155 
6 0 0 0 7.37324347718 6.02368596682 21.2029258104 5.96732450025 -0.139890429286 0.61443615344 -0.0377763835162 -0.107863828857 -1.00698404813 0.0 0.0 0.0 0.0 0.0 0.0 0.0 0.0 0.0 0.0 0.0 0.0 0.0 0.0 
6 0 0 1 9.03351132675 38.9406365942 80.5259529122 179.408211947 168.567620075 112.553623815 75.5373156777 51.2749347908 25.4325446585 0.0 0.0 0.0 0.0 0.0 0.0 0.0 0.0 0.0 0.0 0.0 0.0 0.0 0.0 
7 0 0 0 10.75876086 12.1283029961 19.1782633158 30.1901015564 8.62210031876 2.76528008473 -0.100633331167 -0.184387577982 -0.573485109184 -3.32682763619 0.0 0.0 0.0 0.0 0.0 0.0 0.0 0.0 0.0 0.0 0.0 0.0 0.0 
7 0 0 1 6.38602643623 12.8122473546 25.4694358786 52.7671667485 88.5864528578 75.4998837599 42.7018288477 27.5024091526 18.6884707981 5.27525175391 0.0 0.0 0.0 0.0 0.0 0.0 0.0 0.0 0.0 0.0 0.0 0.0 0.0 
8 0 1 0 7.61097916827 -0.101784180588 -0.356206174332 0.934688477577 0.599308854923 0.0717973665718 0.288488165313 -0.0884993511465 0.674578156764 1.35325855269 2.93231207888 1.77748241068 2.16240653064 5.52930881469 2.28043846672 2.80127354158 2.79039263213 0.168935086879 3.69915325899 5.0425166996 3.88513061872 2.14088737789 4.90535498765 
8 0 1 1 6.51601153745 8.46002125122 8.26230082784 9.25849907367 11.0075379169 13.4506959746 12.0352298766 13.5820105111 13.3257980084 12.6023337754 17.3141973296 22.5691518654 28.4589366706 34.5182548524 50.2288764045 63.4293001148 75.7334480165 87.5658369186 116.696193483 131.549756302 160.023541199 181.971971655 208.556260268 
9 0 1 0 5.66671828886 0.333003746694 0.560679926648 0.422220157272 0.621818468922 2.87469725668 2.83720655513 -0.565985982696 -0.249341556517 1.79317045065 2.72095307265 1.63843268635 0.279578206871 2.95618277679 -0.35791092373 1.84159815784 1.53170764592 1.96817318402 8.20549738904 0.624266989728 4.41255838514 1.44626120126 1.09596826495 
9 0 1 1 6.25959029772 8.69671129696 8.86783486989 9.45684463143 5.72970817868 4.8541147822 8.76548616587 8.42359815716 7.79657973462 8.04116746261 8.34904087099 18.2374217639 15.0800207022 21.7586986361 24.8996827175 19.7046477037 23.1200583292 20.6195770325 35.2352464199 33.6088153171 38.1436720504 23.9701141647 27.6595545206 
10 0 1 0 9.29851996644 7.31812469094 2.32332333875 0.284694593934 1.6000875693 0.722526800947 1.69225860879 0.214996192073 0.569187853412 0.303673034486 -0.114411763833 0.912163273013 -0.83754799077 0.703823972291 4.41352485229 1.68713679622 1.77929665184 0.635317274077 2.40407736812 2.65370212601 3.17266582181 -0.687744905679 6.97353457963 
10 0 1 1 5.76715824777 4.73035390721 9.01253355569 12.1991664581 10.7100242845 9.98097803656 11.341618194 13.5412371858 11.8670224303 12.4592747629 13.7755686104 15.6100599047 16.6659910664 19.7281240471 21.0751397196 25.7785021485 27.2938789614 24.2005081185 26.5061980087 19.3156437818 24.3132295747 26.0206637585 26.6747849227 
11 0 1 0 7.07483771146 0.702909827544 3.10566438895 0.673968128569 0.529561224858 1.73880116664 1.93782315984 3.30445558366 -0.301503314787 0.612904338467 1.99074864552 0.940893786577 1.23664889212 1.53782212851 3.16358877811 6.13386876011 3.95609141512 1.63234901678 7.33809413377 14.0786749037 16.6714565362 29.8438180437 39.8292090783 
11 0 1 1 5.38943504539 7.92082308574 7.65896738006 3.48716401361 2.76896408565 3.30963351421 5.52984640217 7.22899448924 12.9800723036 10.3850739871 6.46171700077 9.4267797632 5.65694994429 7.69286528374 7.2394814919 14.5236476328 24.3331712618 30.5287842939 39.1335231923 42.9184485428 72.4254678088 119.034635865 145.561603364 
12 0 1 0 7.88235294689 1.27422422119 2.730534145 1.74996781612 1.09147451871 0.702489116197 0.595272808858 0.316325965189 0.623386102629 0.77780783799 1.3697710897 0.227989375329 1.01109096852 1.26127537188 3.01672366068 4.17229836584 0.849622147429 9.91919445373 7.80627972964 9.28372389993 10.7211077387 6.22949486585 15.2664722298 
12 0 1 1 5.75311665818 9.87200138672 8.55347656908 7.49458364361 7.59062397722 6.3208259057 6.63571070501 4.74700519842 5.14941452565 4.46677648755 7.91185631545 8.22368818303 14.2353761258 16.7873391536 17.9725929119 29.119532824 48.6283189871 57.3543764455 75.396683225 73.923025341 80.0120124494 91.1581143423 106.70083638 
13 0 1 0 9.21091928659 5.10096312709 4.8213891676 1.4897949801 1.68607254715 1.9133101512 2.34918034945 3.11543927161 1.28965244694 1.82626877351 0.738492888639 3.75329074096 3.48341227763 1.86635714584 2.38549975655 3.14610822033 1.64219096902 5.69677909023 1.57126654236 5.67103502996 4.50718465255 8.78918587323 6.82233321839 
13 0 1 1 5.807777521 6.37810860386 6.74574763843 8.37964966602 11.9259884692 13.9582137917 13.0391644612 13.5338815055 16.4853572315 12.0114410345 11.6193678182 8.95044059033 10.0481682199 10.8761301259 12.9174054933 16.8808164808 16.0090711041 23.5999856773 30.9282993855 27.7922550452 29.5024800654 35.5487500068 45.6370797725 
14 0 0 0 10.280683991 12.8371562314 25.1724879252 10.8020302077 -33.5744715288 -5.30686874032 -1.70493081576 -0.221209675438 1.51033817428 0.0376442947489 -0.971984553881 0.0 0.0 0.0 0.0 0.0 0.0 0.0 0.0 0.0 0.0 0.0 0.0 
14 0 0 1 6.60780705293 29.6491053558 70.7470258375 162.089845905 159.419926388 103.069419404 71.5424446328 45.0492446007 30.3083510644 24.6754797357 14.0577085471 0.0 0.0 0.0 0.0 0.0 0.0 0.0 0.0 0.0 0.0 0.0 0.0 
15 0 0 0 9.7576631331 22.4527332462 12.6014776955 3.78901357218 7.64015365534 2.57904702035 -0.43752152005 -0.0187862404055 -0.0320446366966 -0.205698210879 -4.37464365837 0.0 0.0 0.0 0.0 0.0 0.0 0.0 0.0 0.0 0.0 0.0 0.0 
15 0 0 1 7.24020472373 20.6761376695 45.7216650872 92.8568921844 83.9259039274 59.90267552 40.0906759438 27.4102543988 17.1955633602 8.23824882402 -2.52365231194 0.0 0.0 0.0 0.0 0.0 0.0 0.0 0.0 0.0 0.0 0.0 0.0 
16 0 0 0 9.96809076874 17.4482488323 17.5221611019 5.94713967869 7.35516221119 2.23929329641 3.07048096619 0.0400294508447 -0.0838976165281 -0.292377632362 -2.48544053083 0.0 0.0 0.0 0.0 0.0 0.0 0.0 0.0 0.0 0.0 0.0 0.0 
16 0 0 1 6.36145143937 22.9586862975 65.4225559242 146.967048772 131.90659506 115.314811231 92.0463973129 60.9019331165 32.197658511 20.1734096561 3.97911845674 0.0 0.0 0.0 0.0 0.0 0.0 0.0 0.0 0.0 0.0 0.0 0.0 
17 0 1 0 5.87347138715 0.217959889454 0.293346991777 0.562035614769 2.91486620224 0.350086284754 0.280509037131 -0.157645946744 -0.275374672382 1.86503900824 1.02110372879 0.896754937262 0.435006648687 -0.414282862064 0.750333072665 1.17877792396 4.11989452499 4.14894627295 0.900508243147 1.49415356044 1.11597913303 7.65427202316 4.98161000496 
17 0 1 1 5.33674314424 6.69159541788 6.53508581718 6.55569390691 8.63603119854 7.56735527936 7.42106818183 9.52089326031 9.55182459468 10.4944299086 11.8404842688 12.5771659229 13.606870728 18.7679624096 22.6966357884 24.4497264535 33.2342062815 48.8037320967 55.6324120932 68.2006227484 99.7370721784 122.743148518 164.60161124 
18 0 0 0 11.7778378481 7.8359568454 16.9087347569 5.52765062906 8.28694442604 5.64320648343 5.10280654085 0.643232387073 3.20718981954 -2.373546295 -0.313906429346 -0.985434178386 4.12570453733 -0.0602813737636 0.0 0.0 0.0 0.0 0.0 0.0 0.0 0.0 0.0 
18 0 0 1 5.20146470226 11.9051785594 24.9328511873 59.4439114854 72.453000083 71.6005499793 49.6309115066 37.8471197239 31.4626115875 25.0810431708 30.6323852654 43.0178588914 31.7452768434 10.4419271985 0.0 0.0 0.0 0.0 0.0 0.0 0.0 0.0 0.0 
19 0 0 0 2.83445689544 1.55219192607 2.19500693961 2.44958132834 2.58903393008 2.45018785418 2.6982469928 -0.22021797077 0.910874264846 6.0393725056 -1.09646823716 -0.146205412134 -0.0313129957724 -0.0775645715892 -0.292090669616 0.0 0.0 0.0 0.0 0.0 0.0 0.0 0.0 
19 0 0 1 12.4322870097 23.4333603514 33.8421668355 46.364186104 101.428808204 128.789747565 121.953584553 121.941183578 111.804306685 115.941770884 104.974896028 64.9737102359 34.9937523017 9.31591979787 -1.59554257254 0.0 0.0 0.0 0.0 0.0 0.0 0.0 0.0 
20 0 1 0 8.3001020566 3.51778047715 2.46176627204 1.7341121202 0.921104932785 1.39758389064 7.88740988932 2.91426579714 1.0044938727 1.07267540663 0.587804831225 3.86440076663 1.37279853093 4.71430618036 5.15189192984 3.35726172884 7.93298822031 3.29411220804 7.30786664824 6.97674055871 5.62402609279 3.65727176551 11.511482697 
20 0 1 1 6.97216169697 12.1930330198 13.1631672596 14.8575275771 11.2327902628 14.4054850609 9.37906034141 15.6973693358 13.9192058857 11.2454199121 19.4802932934 20.3700033039 24.4081341974 28.9965458855 23.6768454355 18.8498440734 23.8583158075 23.129935046 28.8102826292 28.112723096 27.0708958993 45.6949854794 48.4517426579 
21 0 0 0 10.5664752455 5.46023680259 2.38423371062 8.89662185538 1.70933898524 4.44613471701 4.87795211371 1.36588879853 -0.0631601373099 -0.065072279819 -0.261428127637 -3.9612114184 0.0 0.0 0.0 0.0 0.0 0.0 0.0 0.0 0.0 0.0 0.0 
21 0 0 1 7.05733989461 22.8094258551 34.9576806776 55.0804048543 55.6975022594 38.8342408831 62.8988464053 61.2657569088 37.247142941 20.7663545609 7.00854094738 -3.97522886001 0.0 0.0 0.0 0.0 0.0 0.0 0.0 0.0 0.0 0.0 0.0 
22 0 0 0 5.95986323716 0.321983462487 1.52993983332 2.51790987667 3.73124675018 -14.3770142593 2.10678475866 0.0854206753367 2.98180148819 7.20577864659 -1.51695660534 -0.540111206343 -0.0514210529745 2.99069015507 1.87103198968 -1.67735297729 4.31771242208 1.85060682697 2.68734924775 0.124103080994 -0.819217624614 5.25796225511 2.1568180164 
22 0 0 1 9.58103665905 18.6791547778 31.5977822079 48.9259270438 70.5196849448 56.461754628 40.7173504526 43.7782284954 60.4282292263 65.7621443355 49.7125473803 44.9215443494 33.60318261 29.0466344575 43.1401442596 17.9601660328 34.5890295355 28.2722487259 39.9127013182 23.4822028749 22.8394601522 35.9462272029 44.4985098466 
23 0 1 0 6.32137681899 0.634644414141 -0.21128793048 1.13600789761 0.610189842556 0.345860327936 0.525943116574 0.223022040061 0.0597195632304 1.35741280514 1.56912043146 -0.383036304635 0.859480408159 0.378094466072 2.85820764915 2.44774159186 0.718583047859 5.17109378266 7.25315409797 4.84297764861 1.6097584768 6.86827212502 10.5424546119 
23 0 1 1 6.44053817895 7.13084456552 7.81339312971 7.54378588863 9.79090971133 13.5089579414 15.3119885838 15.7251936455 15.3593261425 20.7650778978 25.1997730519 23.6231268936 20.6547955683 38.4919064171 47.7839148951 52.4414328992 60.0791325127 64.5070258225 82.3016622942 90.6051955712 107.7733359 136.306434665 155.905125379 
24 0 1 0 7.11874613246 0.690228318365 -0.124735773045 0.678390339235 0.15476800126 0.37837922003 0.403959216759 0.079639002146 0.734620974174 0.569057669057 0.155667574969 1.02890884042 0.685566624699 0.784047453171 0.621640978707 0.768660348567 4.02717377249 0.834321135857 1.54812476435 0.153940927082 5.70424985335 2.0623588791 -0.277798360821 
24 0 1 1 6.53080306698 6.33713485781 5.76174693435 4.07029609091 2.07679053499 2.32999205767 2.68545253598 3.23470837428 3.8037215353 2.68979868268 4.59852682813 4.09637121633 5.06656917582 11.8947643649 15.713476024 22.8884444889 24.3871392819 23.3769631757 17.3006448512 21.3481618518 20.2131155326 18.6550399272 23.3807271246 
25 0 0 0 14.7590968917 36.772600193 66.5312447255 141.405172678 36.8258822969 14.0635040583 20.4643006661 18.7256891314 2.16460159677 3.96041791838 8.13200622763 12.8487792454 20.3610361101 46.4808925556 12.9811803747 6.72620171789 6.12718049518 8.43131319545 35.1314323077 42.1057878102 15.9092816714 19.1139664254 36.5948213342 
25 0 0 1 4.70476522847 9.85012623479 13.5317017057 94.3464436087 132.476581725 128.28059025 87.1066159241 70.7494079401 44.8489870362 30.7610549129 27.3000391414 21.5427918248 24.4416025492 119.71466563 87.8184203226 52.5788646753 35.254389524 20.2138410964 32.9416402487 69.3637507265 59.9420896584 35.8607795723 30.8570248618 
26 0 0 0 9.33632281725 20.0889087966 42.3396553395 18.2663279594 7.66154171601 0.467227458426 1.7586045018 0.313108059328 1.05469480645 4.72306150278 24.9364642333 3.12150449061 5.82938344319 0.233707127086 7.70972876414 7.55355227515 6.9774619676 2.57227622197 7.1545058698 7.46543354561 -0.100168487636 -1.24082228396 0.0 
26 0 0 1 5.98770440935 21.4652936521 57.3753717108 176.549190136 154.812746369 101.317228171 71.7180537269 53.1012761668 37.4441849374 51.1269060186 92.9060079463 117.430370748 99.582948591 42.5746326985 47.6435435278 69.5827862741 96.4757067137 62.2899178729 63.9698906454 100.448858339 53.6075995242 23.0479829249 0.0 
27 0 1 0 8.30490438774 4.12893220693 1.4668932025 0.267097071327 1.53441335444 2.60273530143 0.85485420011 0.512010631395 2.81964091819 2.60881077985 5.07751298389 7.89937841863 0.564690898459 10.237469633 9.45303600261 6.3939015808 7.56111129424 12.3163964397 15.6385802702 22.2182134043 36.9413188498 38.2138133697 44.035007276 
27 0 1 1 6.00210287303 10.3443624879 12.8399208991 12.1339312771 12.4753573406 12.5097952799 17.0201142772 9.94739563683 13.0228827241 12.4503160593 24.8823859619 20.8625281698 21.992364585 28.0767658556 50.135848711 50.9660730107 45.5620005763 70.4506732503 109.567107612 143.499749044 174.729976305 188.951960057 212.782710078 
28 0 0 0 7.76816815987 14.9112086942 15.1394745929 6.86909834057 5.61154084609 1.5317991413 -0.0770266991008 -0.124087571454 -0.38398321191 -3.96381476724 0.0 0.0 0.0 0.0 0.0 0.0 0.0 0.0 0.0 0.0 0.0 0.0 0.0 
28 0 0 1 7.4805365943 18.7119604514 42.9099753296 104.813699661 93.4956891222 69.5127066252 44.5046492732 23.7648683972 13.8576828574 -5.13291669742 0.0 0.0 0.0 0.0 0.0 0.0 0.0 0.0 0.0 0.0 0.0 0.0 0.0 
29 0 1 0 6.44673578111 1.79165622965 1.91218904661 1.22050276585 1.44295437225 0.98226351144 2.97992119626 0.402371149586 1.89138016969 1.769330193 4.67695879941 2.13645673315 6.84129013264 4.03589312153 4.86345039959 4.0931882195 7.91949375156 8.00098760065 7.98571793872 12.2916789041 14.3095733849 12.1297695688 9.35330255149 
29 0 1 1 6.80527443821 9.1115065588 5.75769898564 4.26909064138 8.48205266452 12.6274100996 11.1892879205 13.576261415 16.2509665155 20.3519540073 29.6497492345 30.0207776469 29.8640068358 34.1031425361 42.5221788849 31.7577629285 54.6944130824 80.1013870267 95.9367467167 110.364072327 111.816631377 123.884134961 153.394814907 
30 0 0 0 7.71189302497 5.44463440051 20.9260591735 18.1212304106 14.8153067486 2.53348729194 0.560587918004 -0.773650846929 0.161522742976 0.119828891849 -0.525020872855 0.0 0.0 0.0 0.0 0.0 0.0 0.0 0.0 0.0 0.0 0.0 0.0 
30 0 0 1 8.51755134214 24.0453318811 40.322036436 115.963820018 184.813664496 133.282623756 97.8493392749 64.7421864769 36.9841897452 26.5480848398 10.3266580451 0.0 0.0 0.0 0.0 0.0 0.0 0.0 0.0 0.0 0.0 0.0 0.0 
31 0 0 0 10.9524610713 12.4003638585 27.9631482571 81.7473895933 38.037882444 9.51799345647 35.2975981673 1.74576706636 4.31724357182 -2.07201735577 16.234964581 13.478927083 21.2382262742 15.2015629628 19.7982670301 21.1286435898 34.7594780942 9.59060910032 14.0038899763 40.1518639714 15.8909228299 -7.49339213272 5.92976279277 
31 0 0 1 6.40570794981 14.2931702263 27.2404307698 157.039417976 284.364399194 275.51341039 227.329910397 182.367250643 148.387496005 118.103159266 101.341358339 111.476379343 116.840606331 168.182207327 151.776418118 112.794879423 140.149987992 107.293713983 84.4674200944 154.611131311 200.781974091 139.230962312 77.0678738431 
32 0 0 0 11.2773169597 19.0610643106 31.8324955851 0.769217126633 2.91185151991 2.75015600488 1.65600079036 3.86285726089 1.02811652047 0.740037881584 0.666061171993 0.620305763102 2.25812650917 6.72661589212 0.592517205333 0.854531585746 -0.26489095659 0.0 0.0 0.0 0.0 0.0 0.0 
32 0 0 1 4.33812329966 21.2758689022 59.6917799 101.886155333 93.8903097304 70.0111630932 59.8681200438 55.085680971 54.763414544 42.3343287412 27.397196584 29.6594115861 34.8985052566 68.0077590142 67.7124156303 62.3572844404 16.499739337 0.0 0.0 0.0 0.0 0.0 0.0 
33 0 0 0 12.3730512142 20.886316782 36.3315170862 42.9407141744 16.2544011936 8.98504972254 12.0240411565 4.57951109957 8.90575430581 12.572759589 3.07972929805 2.53326157296 13.0634185657 15.3835728206 10.3093981609 3.38315649118 -2.52314561933 1.63795609559 7.82918535796 23.9999511882 2.72389452962 1.05325268535 8.17854359418 
33 0 0 1 5.160903268 13.2013345088 22.1355563367 74.184530194 104.326979099 81.9219768138 59.3832348043 47.3722364918 40.9916939401 34.394841312 34.2146096609 31.692122175 22.1801319807 51.3695185609 59.718614602 52.111120839 48.2194170859 26.2348257858 32.3199237876 77.1340942764 45.7844345187 26.5718946832 24.6727579368 
34 0 0 0 10.2742134102 15.1602124723 9.79569964951 8.69543730336 5.42813224711 5.54297380484 9.52275464758 8.66590370185 7.56992230706 4.2373527182 1.25241574794 -0.136796333097 -0.604634535851 0.0 0.0 0.0 0.0 0.0 0.0 0.0 0.0 0.0 0.0 
34 0 0 1 5.90555285559 26.6361289886 44.0086241645 86.5321274688 86.2727298059 91.8177142004 104.648609355 112.491668121 116.60465766 102.802123113 70.2072103566 45.5385450957 24.4190173795 0.0 0.0 0.0 0.0 0.0 0.0 0.0 0.0 0.0 0.0 
35 0 1 0 6.31958127222 0.189098449518 0.0721671053834 1.85961012983 0.339670431208 -0.0459915984784 1.85663751251 0.681650876556 1.33729922252 1.96750604195 1.17117775352 3.14817455012 2.11955020097 -0.0863264624859 4.43186341787 3.78262725835 1.71563225482 2.36683419184 3.36428020901 12.2165556895 5.41678525074 4.15717567677 5.03141734988 
35 0 1 1 5.64328324521 8.15302407152 8.86647614777 12.9002095698 12.2208638242 12.1908466798 8.44479216727 11.8487915259 11.720341026 14.7696573878 17.6280032319 22.6578168085 21.579396817 20.6830484959 27.852933246 27.0619876957 37.5918926447 41.0065009249 41.5452004832 37.6542590012 48.516866339 48.26404241 49.4492238946 
36 0 1 0 8.17880654372 2.15393778449 -0.404000234612 4.44311522626 3.18447285219 0.155305876072 0.137270034171 0.994324132156 0.748046632082 1.53413175761 0.222541986474 3.01049870665 4.50323952271 6.17953621173 -0.572485797292 5.53787910698 4.21444298601 1.86041368562 1.35662502883 5.28490729674 10.9457699381 12.2430068024 6.63856301038 
36 0 1 1 5.26297129123 7.13031844736 9.4409138324 13.2034420338 13.6803179147 12.35546076 11.751490985 7.61493685235 11.0401427235 14.8205683712 17.0240273028 11.7853744798 23.1612789464 19.4004726318 17.7241506455 18.4242250941 20.0213719888 27.5984162873 24.9884934407 28.4973948668 47.3148435649 57.3342053691 46.3895449306 
37 0 1 0 7.0879580355 2.0846449673 0.275911404041 1.08063801753 -0.0147811062925 0.459928412277 1.07232998336 0.526360372778 3.78975243415 1.10622056106 1.53953479766 2.17065458452 -1.80100184981 2.71052787235 1.56948085287 3.40610160311 1.34150541179 3.8586852496 2.05202115724 3.4026050726 5.40651665486 8.16970671717 4.87580698172 
37 0 1 1 6.77681673559 9.68760498209 10.3637316494 10.5016174255 10.4488484032 13.8959255631 17.4837237782 20.0450717474 18.781118153 16.8102960563 22.5679839173 26.5094589429 34.0876456626 40.5113339016 42.1742390301 40.7366293857 46.7912216229 56.4445180226 58.45230698 64.604358094 75.5641101655 97.6305132528 126.375461007 
38 0 0 0 10.9561081336 19.1694735231 19.2189102641 13.8395549603 7.26062069013 0.280093491642 0.0855380373848 -0.0388114756421 -0.176262636089 -3.04993176457 0.0 0.0 0.0 0.0 0.0 0.0 0.0 0.0 0.0 0.0 0.0 0.0 0.0 
38 0 0 1 5.02736524388 33.292799334 53.7771581435 95.9940184486 77.1240996142 51.0895098816 35.8168046558 24.2934486888 13.5384234965 1.89991478822 0.0 0.0 0.0 0.0 0.0 0.0 0.0 0.0 0.0 0.0 0.0 0.0 0.0 
39 0 0 0 10.3125176081 15.0176149858 14.0888104887 2.63191515042 5.33705683661 2.11758260943 0.710535045622 1.83102265019 -0.0709596591073 -0.247955444367 -2.54665238678 0.0 0.0 0.0 0.0 0.0 0.0 0.0 0.0 0.0 0.0 0.0 0.0 
39 0 0 1 6.65838435613 37.1041821009 61.5347594762 94.6480993871 92.5351771869 85.2110398567 60.9775814358 61.0990427314 32.2839441697 22.8351536119 7.42646484844 0.0 0.0 0.0 0.0 0.0 0.0 0.0 0.0 0.0 0.0 0.0 0.0 
40 0 1 0 8.80836960505 2.23990780401 0.334158424858 2.32095951562 0.676617908007 0.155911415606 0.520865333918 0.658566831668 1.71814566012 1.04648457076 0.470498496645 0.222940414607 1.92583983815 1.01204919799 1.69392112253 3.65177490734 1.71227052865 0.444867345761 0.274463835486 1.63887888901 3.18232408228 1.55551999062 0.498619926368 
40 0 1 1 5.73431075552 10.6356840384 12.6742853644 13.755714925 18.5529290995 16.4917645149 17.8440075771 19.3925207535 22.2626406259 24.3331865091 27.7676126439 25.2082084324 25.3230579388 21.4989567536 21.5729460333 23.1043405911 28.1088499516 30.5301969635 31.042475021 32.8178126458 30.4962333201 33.8912656742 34.309804803 
41 0 1 0 6.24104245846 0.0594290782979 -0.108138205612 -0.242063276936 0.115051131931 0.27086238757 2.4616145371 1.10167616208 4.38950281716 0.214282559979 -0.0456799006982 1.03506223001 2.52563398095 1.43288980773 -0.610665605675 3.88386763807 -0.0232138872471 3.02405057273 2.04517080531 7.31691865791 8.19956054042 9.8672843391 9.94873646015 
41 0 1 1 6.23852607295 9.48528766418 10.0043111181 8.78712500502 8.7592865833 12.3044049902 14.013468584 17.3857989538 18.3549756864 20.5907998705 23.8642455163 26.4350106631 25.9260485037 27.3971603617 34.7117426992 33.0868153885 44.6304290574 56.7255767695 73.3419585766 90.543398141 109.633734719 135.054122316 155.299161318 
42 0 0 0 11.2522713591 16.755561303 20.9002367921 57.6950663783 14.5878281284 5.40657434887 12.0955726247 7.8699934444 5.86926697238 6.57967057807 3.07860003262 6.0585595719 12.2494911449 8.16630172545 7.16101762398 8.1050383095 10.5995339496 -4.54589280893 4.46231316893 2.8249804917 17.5428792883 7.42181363899 2.21200372318 
42 0 0 1 5.49424798027 13.4467118091 28.8418164232 114.893051453 126.652611815 120.517645447 88.7442359349 74.625113488 56.2003343303 39.5328820881 34.5905134983 30.5995807904 54.728132369 45.0798449765 58.3572394591 51.8988447107 67.7211739094 71.6368290633 45.8041905919 26.0582915699 62.1930015816 112.642688402 44.7852413338 
43 0 0 0 10.6429690836 11.1996981783 21.965563349 40.667469812 61.5805563118 34.126781768 22.0135605637 5.86795009338 17.6709821122 3.14754622093 6.57683031945 19.0805433798 13.3320224471 13.6107334197 23.304700044 19.6817916497 9.15768707383 17.7712831739 21.4809701609 14.8002123438 5.87333231581 8.66433386024 10.5551878963 
43 0 0 1 4.9997883719 13.3642663817 18.5773076352 50.5459551176 148.040453303 150.733590262 117.785517478 90.2192293134 79.4035638632 60.4989998754 60.3100349332 68.0081387454 56.6442796797 63.8414263594 78.8002197697 78.8788613895 84.8453982801 73.6107438609 98.5553175612 85.6088413349 79.1880882921 59.3076646186 49.5408723541 
44 0 0 0 5.34718289985 9.62227734589 9.32097705502 2.70013437347 3.1494602097 2.06078084351 2.10208368798 0.612751251397 2.15430435106 0.519187377033 -0.0338812748853 -0.10713662054 -0.721680311288 0.0 0.0 0.0 0.0 0.0 0.0 0.0 0.0 0.0 0.0 
44 0 0 1 9.11551826176 21.3362934464 33.7597021043 62.3935935798 58.7886849875 46.0487816467 35.266707454 43.5156620179 46.3167797859 30.3696330536 19.0456235342 14.1999355806 5.67505722487 0.0 0.0 0.0 0.0 0.0 0.0 0.0 0.0 0.0 0.0 
45 0 0 0 8.70633417736 6.59536278866 17.5456005739 11.6095729367 29.8487727515 6.74935831934 3.42853231537 -3.57497784317 2.39158120117 9.95430914689 0.934576327502 -0.650902918949 3.06844391197 3.81063072033 3.17348645364 5.20412425955 4.07472491084 8.99204109041 -1.7708716542 6.37266148946 -0.0657107580163 0.272224251376 0.701072962618 
45 0 0 1 7.41327184211 24.1639278068 50.813138429 127.587913881 151.189098572 112.788875106 94.4648003518 87.7145430717 73.8678321824 75.793322411 79.9812129672 73.6589448796 71.5263777952 64.7298582253 40.1404942014 45.676991776 50.7313790701 87.3465449983 114.928412709 73.9986239099 75.0210699519 39.7048000674 31.5819896413 
46 0 0 0 10.9006785049 29.5286530403 43.4469864866 44.3908788804 2.25384370228 -0.0321985014814 -0.0213445615573 -0.0526612360782 -0.490680393209 -10.64176846 0.0 0.0 0.0 0.0 0.0 0.0 0.0 0.0 0.0 0.0 0.0 0.0 0.0 
46 0 0 1 6.09363953822 16.4955063608 51.194999881 190.081756722 155.186261251 93.0190807657 62.3725008621 36.1146285051 24.1835132067 5.76673148744 0.0 0.0 0.0 0.0 0.0 0.0 0.0 0.0 0.0 0.0 0.0 0.0 0.0 
47 0 0 0 10.4799747403 2.8147566229 3.84687047951 10.6911264603 20.7063661902 1.13537279821 4.10102941177 1.03864229185 3.48161521325 8.19124934021 3.48679136244 0.721656606665 1.54054661534 3.41849290641 -0.269929547581 2.81927064551 0.871593406748 -0.301656703393 -0.231801607444 0.0 0.0 0.0 0.0 
47 0 0 1 3.24974683796 8.89032330793 15.6746003725 41.1608644736 92.5778266402 108.434091609 96.6749197607 86.3569452802 74.8211343202 79.4639392552 77.0740704609 59.6234143891 61.4687132894 64.4600449312 65.0343186113 61.949725381 41.8096370106 21.5652823864 5.24222548896 0.0 0.0 0.0 0.0 
48 0 0 0 7.17674293401 6.33929362257 5.35083071223 -3.65527650668 3.00012664135 3.42813966139 1.6063237584 1.22536008213 6.31489279429 2.41910163684 5.65200822525 -4.18730761469 -2.06814989319 0.876511250604 3.3881348477 1.27271741248 -1.12598047592 6.58673996504 6.417762712 -0.0767446961427 1.4195089291 1.3772380253 1.47189416293 
48 0 0 1 8.79974601015 20.247211788 36.4784794925 86.6033697629 79.7346985058 63.5560357548 57.6443125386 40.4311361246 45.1687676741 61.5455367609 75.049931174 57.6734921244 59.2905716523 28.2904287432 23.9394390932 39.7125291243 34.3708903992 35.8266880866 29.1230339933 52.1303440662 59.4679660277 62.0956574684 41.3982218566 
49 0 0 0 7.55248489809 4.68944415088 10.2783250477 4.63242170553 1.08833403387 0.168367200038 1.54623594714 -0.110494551576 -0.513016275322 0.0 0.0 0.0 0.0 0.0 0.0 0.0 0.0 0.0 0.0 0.0 0.0 0.0 0.0 
49 0 0 1 8.26328016334 15.0937683262 47.2309156505 91.9347156567 90.5554928235 75.1994859203 62.1895594106 37.0489381528 16.855834495 0.0 0.0 0.0 0.0 0.0 0.0 0.0 0.0 0.0 0.0 0.0 0.0 0.0 0.0 
50 0 0 0 5.44926658672 1.15984053323 0.87216581272 1.59406610322 0.0892874266805 2.50128494727 1.037688581 4.92377494798 2.79359583277 0.954868530105 3.30730443849 2.59331499589 2.02512170379 -0.233348571261 -0.00771401856093 -0.0157757649071 -0.0460424096486 0.0 0.0 0.0 0.0 0.0 0.0 
50 0 0 1 10.1648456343 18.9432696774 20.5183560035 40.7282359639 43.2607526416 45.439758005 62.6029030617 77.0028258326 81.6570090922 58.1176025955 45.1486264432 39.5243394164 54.1329160445 40.8481752643 19.9453476612 6.29243621571 1.44324949724 0.0 0.0 0.0 0.0 0.0 0.0 
51 0 0 0 8.0049278221 13.2984755639 36.0072587783 19.4646949204 0.105562564007 -0.476887457763 4.64214142876 2.06898419266 2.13159456238 5.19996186845 8.1314837404 7.57377517396 -3.5943513896 1.77934197629 11.0461221116 1.48924766523 5.68877079552 -1.04894704799 1.68214435606 6.45397851535 0.420106672329 2.55856019938 5.33565373693 
51 0 0 1 7.36307922626 29.5975143144 69.779362874 267.696386079 233.607369138 144.145970932 96.1283988273 92.8253238139 113.048793782 107.7837956 134.824793083 150.776843371 110.123330406 93.8779918427 154.286442779 150.306873016 135.975313304 163.386220285 145.062400389 160.59550646 141.311736305 121.685019565 61.9963564 
52 0 0 0 6.36859801683 2.70722611213 3.04872251489 3.60277075595 1.43220077418 0.247352115589 0.727511478526 -2.51407450458 0.980832680373 0.327824031958 -0.00467305640134 -0.00765290327389 -0.0177174601345 -0.153972181054 0.0 0.0 0.0 0.0 0.0 0.0 0.0 0.0 0.0 
52 0 0 1 8.66372113641 20.391649859 26.9329153301 55.7394541633 70.8457431642 76.7401019321 63.1214719396 53.5955040781 39.9539363268 24.2275474456 15.51467248 10.3622993657 5.31231128487 2.08926901658 0.0 0.0 0.0 0.0 0.0 0.0 0.0 0.0 0.0 
53 0 0 0 11.8561094878 33.4822356443 50.1721060972 24.8237669353 101.780896897 0.0883821421811 4.66513319882 6.13615628365 4.12620050411 0.991473387285 -0.0816445788477 -0.661059064284 -26.5268279694 0.0 0.0 0.0 0.0 0.0 0.0 0.0 0.0 0.0 0.0 
53 0 0 1 6.02994562374 27.2197590803 85.1694111059 173.210242943 146.942128643 106.063855647 86.8245685716 82.9527562439 81.1649432044 63.2858023668 41.7348579898 25.4844719215 -13.5886733763 0.0 0.0 0.0 0.0 0.0 0.0 0.0 0.0 0.0 0.0 
54 0 0 0 8.9473467973 8.76974601041 12.7298681459 38.9927699251 33.5252979816 8.55072241089 5.37109015013 5.18694059899 8.87721482132 6.53566482272 21.2920013696 11.7695219819 9.15389478917 9.99968100738 25.1195515931 16.8336996406 15.2219231091 8.65221081575 10.6482127274 5.77303734123 14.9280303087 17.2322208767 10.2371345584 
54 0 0 1 5.76234085743 13.7130067046 28.2299392806 119.026090747 258.638040452 290.746700258 241.942165549 170.829697352 116.391587176 90.399117263 160.095325345 211.138524762 159.578836753 137.285810567 173.43441948 191.375345421 195.838190605 167.053171101 122.169638565 117.626468788 173.672132201 222.162720614 131.720707521 
55 0 1 0 5.85282445672 0.732397216917 0.399981396091 -0.489733216302 0.554758169672 2.10700785629 -0.126171502938 -0.0602787548485 -0.307040378017 1.21936092411 -0.0126228857949 -0.395405109631 0.323192010335 2.37019123826 0.308776339267 -0.200648510198 0.192032602926 0.203514286928 -0.249727803534 0.441795390814 0.720496540251 1.64368669063 -0.269460387575 
55 0 1 1 7.58388434167 8.26372119336 11.2918096498 13.5115917365 12.8055357914 11.6564993186 11.5032518377 14.0665192844 12.2003212759 13.6586586467 14.5314684531 11.9510460401 10.9975541752 10.5025173104 11.2406374863 12.8718944409 10.6578120295 9.87438374707 8.14972101455 11.6490140428 13.104182303 17.5813591514 17.0933304218 
56 0 0 0 9.56544002188 9.29362111907 7.423068946 19.7824678113 3.09603383153 5.12879864373 1.13593411396 1.9061501352 2.49904008637 1.56505844541 5.34755557782 13.6408838801 11.8394222843 4.44962323402 -0.590015858746 -0.110161245308 0.0 0.0 0.0 0.0 0.0 0.0 0.0 
56 0 0 1 7.12177783174 21.5931367159 44.9538216153 120.722818914 151.22912293 140.642542427 107.457846903 72.8509742969 64.3610136561 56.8825245236 51.7699666801 68.5549833844 113.860790564 135.481246053 66.7507980308 20.4599806893 0.0 0.0 0.0 0.0 0.0 0.0 0.0 
57 0 0 0 10.3105984247 7.3808140031 4.42219147006 10.3858120923 14.3694887565 7.94410633311 0.504270463262 2.56121642073 -0.268192694415 -0.181449665057 -0.266564062039 -0.439335831845 -0.77684929437 0.0 0.0 0.0 0.0 0.0 0.0 0.0 0.0 0.0 0.0 
57 0 0 1 4.25003205303 11.7183822185 18.9756536841 38.3848344114 69.6627196743 110.722724786 91.4841099238 55.5400843436 40.8913095448 20.9915860595 11.7951412732 6.87490770832 -0.229510835779 0.0 0.0 0.0 0.0 0.0 0.0 0.0 0.0 0.0 0.0 
58 0 0 0 4.32549661229 6.76015804326 1.04961262621 4.41591400984 14.6548354352 2.80065282446 -0.02086190564 -0.0169277116466 -0.0306057237213 -0.0849765918291 -0.367589840323 0.0 0.0 0.0 0.0 0.0 0.0 0.0 0.0 0.0 0.0 0.0 0.0 
58 0 0 1 10.5682617823 18.8908911876 26.9093145332 52.4741276377 109.307609263 108.282632428 73.2190386883 42.0168253035 23.0460890599 15.6207168498 7.35903457477 0.0 0.0 0.0 0.0 0.0 0.0 0.0 0.0 0.0 0.0 0.0 0.0 
59 0 0 0 8.93092471452 14.1209041316 14.8207089158 71.239419263 36.2046068681 24.2040885891 30.8168842918 10.2346529465 16.9221013588 19.2723215951 23.8421696733 22.4570576249 18.9983086444 10.6893614699 31.6355111174 23.4509204996 8.73125194552 11.9277816541 17.9341285517 13.0429106655 34.1402921862 12.5465084948 26.7647666289 
59 0 0 1 6.17958242645 14.5440598733 29.7300081179 101.578905679 221.584248544 232.218440089 238.925921349 222.072095575 181.406446777 166.667196697 139.806554666 137.84591868 120.581754974 115.53809971 172.926964608 210.723421648 156.126866958 141.451025335 166.024734933 115.926211685 141.372626158 176.104843123 199.444974052 
60 0 0 0 5.77845913501 1.85707981108 4.83913392299 16.8381940836 9.02552943361 1.49586912584 0.561649922023 2.77467020344 3.07960835996 10.9726337073 2.82622148783 1.29676315322 1.7669900186 2.12277777993 4.55321650152 0.385572973983 -0.0678725255573 0.0 0.0 0.0 0.0 0.0 0.0 
60 0 0 1 7.57009380737 18.8598031372 24.7329370697 82.1355978698 146.639214971 101.899590804 76.9730137115 60.5464323084 77.6558469767 86.2870683481 102.67734133 80.2565977805 66.2276125947 77.6321195039 107.107467669 55.8031683924 22.0123163389 0.0 0.0 0.0 0.0 0.0 0.0 
61 0 0 0 10.3051020494 11.3660707573 7.88626548219 20.9488461746 0.544262928636 -1.00745460139 1.99542520507 -0.124185114795 -0.507720227122 -4.95582053643 0.0 0.0 0.0 0.0 0.0 0.0 0.0 0.0 0.0 0.0 0.0 0.0 0.0 
61 0 0 1 6.16319501652 17.5789406602 39.847791772 92.640915168 98.5316498938 59.182879215 43.6108432208 25.9092677629 14.4712280686 -3.57493525819 0.0 0.0 0.0 0.0 0.0 0.0 0.0 0.0 0.0 0.0 0.0 0.0 0.0 
62 0 0 0 7.50917531073 6.86526976571 6.79237453863 4.04982107853 4.90745314456 2.48908802385 3.54361533062 0.11540129621 -0.0600393032292 -0.0808497147968 -0.208651609788 -1.34853620332 0.0 0.0 0.0 0.0 0.0 0.0 0.0 0.0 0.0 0.0 0.0 
62 0 0 1 7.12545821463 19.8283533832 33.1941181799 40.6511264718 54.1284944325 57.3196210355 57.1519279152 50.7329975737 31.9834154314 18.4373026588 11.8806787299 1.21796342032 0.0 0.0 0.0 0.0 0.0 0.0 0.0 0.0 0.0 0.0 0.0 
63 0 0 0 10.5297806907 15.9563007099 16.5793289865 13.19464559 4.62120120294 -0.220723809762 0.417756499377 -0.438991043135 -1.65746760542 0.0 0.0 0.0 0.0 0.0 0.0 0.0 0.0 0.0 0.0 0.0 0.0 0.0 0.0 
63 0 0 1 7.20790008745 20.4760111332 52.2116252961 104.667581974 103.298599392 86.798980772 55.199707429 26.3133620288 19.2748530055 0.0 0.0 0.0 0.0 0.0 0.0 0.0 0.0 0.0 0.0 0.0 0.0 0.0 0.0 
64 0 1 0 8.08576685619 1.03940639538 1.3170219189 0.989757025499 1.49038710771 2.20531232072 0.340315141365 -0.148553583094 1.16884075194 0.84191227731 0.836929695672 0.55722773738 4.16135400501 3.15175789259 4.01327624331 1.22341957106 -0.544786945211 5.28509568101 2.80362165433 2.87339037164 6.99881274101 4.66514294343 11.7485884578 
64 0 1 1 7.14977440135 10.6788058962 11.1324823977 11.276528631 11.7031128181 9.35646497282 10.3723727926 10.2513263277 13.3616556973 19.7892620853 17.1715968505 14.898664608 16.209795672 16.0663469773 24.8557671255 28.3396354881 22.6395722482 23.9207864619 30.0560739569 46.8234094218 65.0118509237 76.3855794721 104.351372615 
65 0 0 0 10.7366493736 22.8053647414 32.1102520968 31.5726788831 24.1917351998 4.94683646469 5.08976691203 4.3845036109 0.163042682932 2.70454164458 7.40578969092 4.22091447206 10.0158006183 5.2516518134 1.95534395296 3.63071420629 6.14542306341 3.03962556963 7.00102116345 5.5829967289 2.43283263534 13.6836896633 22.7088610772 
65 0 0 1 5.95425563098 14.4132763026 33.2032788275 102.981151628 135.162293247 106.261701363 80.3159644372 57.8064424068 39.7933550515 30.5483498765 28.3391470671 26.3630826349 27.2986970375 60.5863666854 45.9156823977 46.9882566076 51.351464654 68.3942228871 59.1181125556 59.2414911859 42.8047747337 37.7146618074 79.6033658061 
66 0 0 0 11.4064615663 18.3484629042 50.5748199399 27.2005453704 5.31106997453 3.02181609372 -0.0742872594343 -0.0616813533158 -0.246968859015 -2.01758444015 0.0 0.0 0.0 0.0 0.0 0.0 0.0 0.0 0.0 0.0 0.0 0.0 0.0 
66 0 0 1 6.11887693247 15.1164481945 44.9439407052 139.979981879 126.11633666 79.8119888589 59.0072951998 33.9293971093 23.4600674448 12.5380750572 0.0 0.0 0.0 0.0 0.0 0.0 0.0 0.0 0.0 0.0 0.0 0.0 0.0 
67 0 0 0 6.44076304352 -0.0869657411738 4.12749998168 2.90173421583 5.18703180415 0.366301630786 4.39248485868 1.45505197453 2.01213457561 0.754708307764 -0.0112251645571 -0.0214969455926 -0.0672473093647 0.0 0.0 0.0 0.0 0.0 0.0 0.0 0.0 0.0 0.0 
67 0 0 1 10.2338842276 21.7950867081 28.0001319719 54.2979282909 86.1863927764 76.0294130327 62.0295797666 51.8786322226 43.2439974608 36.6880274724 26.1734394415 14.6356470279 7.55061467627 0.0 0.0 0.0 0.0 0.0 0.0 0.0 0.0 0.0 0.0 
68 0 1 0 8.62884323522 3.00026766189 2.47714347815 4.53760533605 0.0412009921915 0.672287843282 0.188969178852 0.43327195012 0.27215292591 -0.492594930048 0.136123328364 -0.254323818152 0.418810930998 1.21500502365 1.71258119504 2.07422662056 -0.392025099693 1.01762901422 1.26302951394 2.01175091905 5.66739155583 -1.0616044117 1.78831017124 
68 0 1 1 6.23345417053 10.0505453743 12.4690672428 13.6362383841 12.5175409122 8.76295567514 7.4870142469 7.59716621107 8.00740975754 7.87791722419 10.1403354698 9.07934083601 9.15269848338 9.97406813223 6.08953483941 10.509103774 14.0017626483 20.6656464989 26.7746930042 39.1869998621 49.754040687 44.1404449533 57.1423305713 
69 0 0 0 10.76439969 22.4626379965 14.4105032659 2.61035200081 12.2744705989 9.61106613328 4.76573225608 1.10526896042 1.60722303385 0.561897986816 2.41683412536 2.27417748451 6.5165620563 15.6792414545 8.2331665537 8.73319275127 2.18284539599 4.32233793605 -0.11154750892 -0.455404599838 0.0 0.0 0.0 
69 0 0 1 4.95160924025 9.42652836283 9.09549717818 15.1803649664 18.4995282931 19.8910978534 19.441208726 8.51766195225 8.99857581388 10.1524111889 9.86118996709 7.85325231982 12.1870190938 12.6161065082 18.068031605 14.1681801639 15.876188079 9.7447864665 5.2582726975 0.538655143602 0.0 0.0 0.0 
70 0 1 0 10.1465018021 8.46055189738 4.19796679544 0.316202025173 5.38089284172 4.33656868574 4.4004347268 2.99298461986 6.10507319421 10.4393523251 14.964686182 9.96447646915 6.76244845287 2.17133051994 8.97633999632 1.61637237201 17.1217772364 4.27653039755 9.94160359297 5.92143165605 9.06242146293 3.90464859641 2.30797721968 
70 0 1 1 4.96171688134 6.31670332186 7.71409695475 6.42212218302 6.79023767984 10.1395620646 11.3740413142 14.133189148 12.7066455637 9.83046178431 13.8647774474 17.7378787101 10.4930086738 7.40190579916 6.53394559602 10.9884916426 15.0221075098 17.5376359409 15.5670007694 10.0516696986 6.78374502849 4.73546913083 3.96037412162 
71 0 0 0 12.7033154311 19.7087493403 32.5930890751 26.5562632879 1.56606357843 2.0300486006 -0.0913099667124 -0.166307158438 -1.25616963951 0.0 0.0 0.0 0.0 0.0 0.0 0.0 0.0 0.0 0.0 0.0 0.0 0.0 0.0 
71 0 0 1 5.55204082209 18.7659693788 46.729922693 115.98377612 117.627404807 79.2123168835 48.2853050439 26.1637338044 10.9179130516 0.0 0.0 0.0 0.0 0.0 0.0 0.0 0.0 0.0 0.0 0.0 0.0 0.0 0.0 
72 0 1 0 9.47887214542 2.00306592303 0.054085236573 2.68517086339 1.31000652598 2.12504964378 3.24239797233 2.52294501887 0.222383181299 0.607443735706 1.50418681162 -0.0368975297083 3.336570279 1.46007218791 1.4957959454 5.54837626759 5.05447991 3.44525627173 2.26668507941 1.62488887627 0.342933967717 11.9212468095 7.23033647461 
72 0 1 1 5.56817708576 7.16723854334 7.93848020769 12.1935186296 11.0842971636 13.3863064345 14.5407605218 15.4077012355 15.1925689205 13.8534568102 14.2719470458 14.3122923559 14.2249194337 18.6884849798 19.9857615042 23.6886169807 18.0990677485 20.8823998895 26.2423675768 35.0242637976 43.0311607485 56.4483154991 79.4164259491 
73 0 1 0 5.793173127 2.29300352176 4.07402184681 2.2770134506 -0.796333063969 0.735509631359 2.07887619635 0.999080388539 1.70497963088 2.8497684415 0.707658508962 0.818464859537 0.18441728237 1.43592762232 2.36377800508 3.2905934296 1.94786725342 5.12115227503 8.2597349896 14.4830571676 20.0576942332 22.4665849602 42.7617344567 
73 0 1 1 6.2479198305 7.12936414711 10.022457434 8.22547088728 8.58963719887 6.3187928942 9.47770860743 12.998787644 19.0576868539 16.0903940263 14.5194366595 13.606749302 14.3065677437 11.1974085107 23.0279863158 37.1238425868 51.3619465796 65.7072352091 81.5362318313 104.169409063 127.059150168 184.2654352 250.540552808 
74 0 1 0 8.57503849263 1.86813256618 2.74499127717 4.09827880765 1.60281953361 2.55883263371 1.26900773697 1.45588072958 0.327191480748 4.66556941243 4.09430688402 1.61342627703 6.76905609394 2.4777531846 4.75958653355 4.2049772912 6.30840260103 13.3785320178 12.4271236756 21.4636981699 25.7957231705 37.4426054373 47.0838296021 
74 0 1 1 5.40208000329 8.64784522404 9.22127914993 11.2679381354 10.7680477773 11.7048280035 14.6194812048 12.8924347787 21.6310439253 20.9506340707 16.9251779113 25.0391789704 30.6459328794 24.9474974031 34.1006738725 46.8994841969 47.2803749535 67.9495258446 94.8536250127 108.924875553 155.339695483 197.389899542 252.934728779 
75 0 0 0 12.8980457991 18.4827770595 37.2621323034 30.5315182199 -0.334127144317 5.00556366882 -0.685877543933 -0.180677788238 3.02629984647 34.4657508684 19.1626426999 7.65380202124 1.11663997427 1.31183307434 -1.02790865439 -0.206258550434 0.0 0.0 0.0 0.0 0.0 0.0 0.0 
75 0 0 1 6.87444615746 25.4536205234 62.2700240981 206.014239869 187.963915596 146.425485278 121.335028993 71.6118112243 53.3427404127 135.055085346 187.532295594 134.143159288 91.5483952094 72.4314920563 145.083461577 64.253461989 0.0 0.0 0.0 0.0 0.0 0.0 0.0 
76 0 1 0 9.15597985926 0.819290897645 4.47029173423 0.538704720441 0.858080982092 1.33158746657 1.00541049149 3.73644084144 5.14915165288 3.80384557979 5.87745639115 6.99720559324 8.50141550156 5.57674668539 13.9927475877 17.8845493956 44.3191651423 25.5253317201 28.1871726424 34.6310278245 38.0251280522 55.8586483716 75.2841974009 
76 0 1 1 5.36385715646 7.86273963379 3.44964291323 3.93322307744 4.73063134082 5.4690326649 4.3629315193 10.5800186459 13.7295592849 11.0750032586 15.3341381681 13.0855897854 13.6540281885 12.8394272664 20.5219200823 49.8606699226 72.3725569154 52.2308491126 40.5395591527 68.5489404075 98.1652948738 146.015566144 164.103895691 
77 0 0 0 7.33233513433 16.1959353904 20.614198851 1.01187117954 6.62301184131 -0.483594712981 0.211526937152 3.37379718809 10.4837568838 8.98118393825 1.2976261134 1.52715342537 2.82454282585 -1.11897749076 5.85180518581 1.74499787339 0.170327975332 -5.50471923025 0.0 0.0 0.0 0.0 0.0 
77 0 0 1 7.20524353085 22.0002305285 46.3121681478 87.3061620112 78.8403096997 52.3991573087 36.3862632504 31.9990302267 39.9888793236 62.6175671591 60.4288250938 58.7692670896 52.4872020566 35.9789743378 28.35124092 55.0151007526 32.5148244759 -1.42792390254 0.0 0.0 0.0 0.0 0.0 
78 0 1 0 7.60985098651 1.3550141677 0.866543421673 2.81308156915 0.512782479917 2.16982536159 2.81043224001 1.7903539453 3.78400422524 4.99305157209 1.7011971525 3.9250064927 6.5374707512 6.57907309807 7.28931372273 9.97834947938 14.9816038013 13.8820304594 16.5470376494 23.3962058162 23.1013548786 40.9282982658 52.9887981235 
78 0 1 1 4.42764084364 7.94785697541 9.57607117925 6.95500496347 6.54296243958 11.3993776192 12.957820145 12.56434001 15.3970260368 12.5753961415 14.4449701715 16.5558811553 19.1764317187 32.651930631 34.9671509476 62.8120794542 59.8044267392 69.3795308479 85.7978535966 127.111415348 154.634926354 167.785747337 220.953049772 
79 0 0 0 10.8193119096 15.6386713655 33.112243405 17.4163305875 5.5469762323 5.14594072216 1.09001268072 -0.160418655077 -0.408431962831 -3.16326845442 0.0 0.0 0.0 0.0 0.0 0.0 0.0 0.0 0.0 0.0 0.0 0.0 0.0 
79 0 0 1 5.7943712587 12.5227945052 29.502071066 71.1459645252 69.4475808785 64.2416419783 50.6451815063 32.337847963 20.4051316284 9.01176430775 0.0 0.0 0.0 0.0 0.0 0.0 0.0 0.0 0.0 0.0 0.0 0.0 0.0 
80 0 0 0 5.7939274787 8.79455552587 8.76693934944 6.71886653292 1.17753811745 3.22154130145 5.57239259534 2.8190972753 6.91465798861 4.38476902492 1.80464621462 0.5242152675 -0.0240943673612 -0.551012212178 0.0 0.0 0.0 0.0 0.0 0.0 0.0 0.0 0.0 
80 0 0 1 10.5092650972 31.3090358371 48.8167139989 116.394401996 116.976855129 81.6525657338 60.0215217229 48.3247835317 57.9809635493 97.360153438 78.6189482242 64.6545139617 45.1932861473 11.372300556 0.0 0.0 0.0 0.0 0.0 0.0 0.0 0.0 0.0 
81 0 0 0 9.10760637367 31.14438036 30.3435856041 120.708422303 53.9509236758 34.4855232196 8.13058007579 14.6368029531 25.5461114327 23.16544308 18.4867663286 22.4316529948 47.3196220254 24.8734461547 15.7297770821 34.0839592886 2.03622461729 55.720793764 36.5173888142 22.537732153 10.3875551849 51.7323653036 28.6710662651 
81 0 0 1 4.71995877034 11.5481821519 25.7952981023 114.982697262 302.713485121 272.133209212 210.815921583 148.320321619 139.550250621 131.577421907 132.79626263 119.666966344 175.805198499 152.790270912 138.656793871 155.65440391 99.4874790211 90.7315882338 238.319173638 136.494616519 124.784534229 161.203212369 161.88881028 
82 0 0 0 8.96173836892 5.6519174264 8.61333526346 5.02372716934 0.819471389633 1.33533506823 0.620552313473 1.94416398714 0.0476930189398 0.819413115755 4.6413137275 0.853920153388 2.62228414564 -0.159110870163 0.441450214856 3.75980536204 2.93225219781 1.20262192467 4.82953092863 0.119550487972 -0.314440077616 0.0 0.0 
82 0 0 1 5.74080019895 19.0515147419 30.0997806312 72.4683718614 76.667998721 51.1243146015 30.6689579654 23.661126073 19.1643233765 21.1983406104 39.7519250653 44.7733493339 55.2115330727 31.8959452655 16.2684933712 29.6018070509 50.6421118987 34.5172582784 48.5287512517 21.400937621 4.17794027946 0.0 0.0 
83 0 1 0 5.03527606741 0.0970340432765 -0.914996090798 0.886481253998 -0.402976126025 0.500569724274 -0.358416256038 0.652683346457 1.05625584166 1.1636925857 2.72469784657 0.527533192672 -1.67573752595 1.72947912145 3.36131664941 10.2262012461 9.7251401574 5.05907929148 8.73549629539 9.76056007546 14.6926412685 16.9356117051 12.2428050406 
83 0 1 1 6.21968148396 8.4704665853 7.8879437637 8.69741854004 8.7737098646 13.1177690077 11.1209274401 12.0854004847 14.9924614261 15.9115850415 22.1032198142 24.2428359553 26.1766713001 28.2455545976 38.2120052775 41.4628907556 58.6996530837 71.3584768988 96.3483675844 130.970555677 152.014344039 169.903261527 220.729985946 
84 0 0 0 10.7707481341 22.2112346843 37.8000556651 16.1707627814 10.3016185919 1.1690698584 -0.863968587464 -0.539775422074 -0.0467175233564 -0.214702299236 -1.69587432579 0.0 0.0 0.0 0.0 0.0 0.0 0.0 0.0 0.0 0.0 0.0 0.0 
84 0 0 1 6.86481289394 23.0692680019 65.3408440351 199.590826853 172.871326858 119.953828437 80.8080976174 56.3367829576 35.5798390466 25.1001149385 12.9309933891 0.0 0.0 0.0 0.0 0.0 0.0 0.0 0.0 0.0 0.0 0.0 0.0 
85 0 0 0 13.1754825505 34.8853848343 47.7181619515 46.7727719287 16.3336319121 0.268331335561 7.03332310698 22.0416233945 29.5960848722 5.65400499954 -0.482968876349 -3.37699608308 0.0 0.0 0.0 0.0 0.0 0.0 0.0 0.0 0.0 0.0 0.0 
85 0 0 1 6.10316606484 14.498143429 48.5610535207 192.701796714 211.120730336 146.417382147 99.8510940003 134.888599314 172.797262941 132.224809683 84.215964407 41.0274566893 0.0 0.0 0.0 0.0 0.0 0.0 0.0 0.0 0.0 0.0 0.0 
86 0 1 0 7.0977160472 -0.900630093422 2.54068951266 1.0409471646 -0.436766463976 1.47564263957 1.55829985639 -0.212091142641 -0.29712354361 1.56943236609 0.809453321983 2.22462627792 0.969708449254 4.02423642377 2.71529777029 2.2109828531 2.639150917 2.73410727208 0.78369968773 6.31103415653 7.84429345389 11.6640445371 8.63053728208 
86 0 1 1 5.34592682388 8.63955698852 7.62645023904 11.0617479639 13.8997232979 16.608662484 17.8264712946 15.8114089849 18.2641483986 19.7529848211 23.5605221066 29.2809753042 29.7422588634 41.8704888908 43.9817430056 53.9964969303 64.8135883696 65.8684573535 94.3633688281 111.063733159 143.637927887 166.663765419 185.708216921 
87 0 1 0 9.61317984027 0.374716527407 1.16715428087 0.878326702687 0.754779048495 0.74024667614 1.3641711192 2.20279200371 0.815543714806 1.8248163714 0.994171188586 0.448310332275 2.10344736859 0.266242271852 4.144253978 1.13234706887 1.49112149606 -0.092518461114 3.68318896076 9.1602150915 6.37963601536 12.3918747076 9.74247944075 
87 0 1 1 5.82417475578 7.58054668466 7.66923408667 8.24733766595 7.30204436665 4.96340902074 3.54367179437 4.26365170915 5.62126076882 4.37752792158 6.70898400216 8.43946174469 9.97882241602 11.9974472879 23.770734344 18.4247644404 20.2367332283 25.8868536708 39.9509280023 51.6005086142 73.830610413 80.2364268136 87.0655394411 
88 0 0 0 10.6012138727 17.4522332498 16.7835968069 14.1771917457 57.1112818573 46.5647365823 51.6424525839 27.0855344174 33.0492907908 13.5185703981 14.7059760752 21.2251293738 13.4451013821 23.9653247236 70.0000320029 18.3949233134 50.9712117626 25.244967146 12.6361495746 23.6793985122 52.2849972508 23.7722087798 7.09955702353 
88 0 0 1 5.77223992898 8.47910337796 10.0724398786 19.9963162596 53.4673230247 93.4657145918 131.571682076 129.297984577 112.054429493 95.363795483 68.3411390662 64.2157793254 58.8017827069 76.8057920209 108.538642889 75.6025130007 107.712021261 101.994858363 72.5796061041 92.756176095 97.6221715769 123.274314255 98.9537652781 
89 0 1 0 7.37944084444 2.31475665826 0.953333729401 1.84378074521 2.05797312162 1.15843047763 1.58846397502 2.64875877471 3.44501309526 2.488488655 3.11869707275 2.06423094783 3.83767580572 2.83160460324 1.61112725127 2.58720970639 2.21922259187 1.44672598863 -0.442626044488 1.46684386058 -0.281569701783 -0.329829297706 1.21374366388 
89 0 1 1 5.63749700491 10.487147198 9.84543189443 11.8889672579 15.7010686066 23.2849756044 20.2575770476 15.9968631672 14.5912800448 14.0223184147 12.644700581 14.3567706742 13.27652466 21.6047186174 17.4570569755 14.9783716767 18.9440679367 8.01050123001 5.01871547179 4.49896820875 1.73301301053 2.62030523672 7.69327048561 
90 0 1 0 7.71326569834 0.957825853735 0.726845311025 0.126824285679 0.816958990666 -0.998264804017 3.80379747818 1.16432370166 1.99711087155 3.90326806683 3.3012687224 4.8431556578 8.90350943008 9.02806713352 3.61603251826 6.10069517694 8.32611746974 3.52710258866 8.31037731186 12.3678605174 10.928108318 16.7840708608 12.026316373 
90 0 1 1 7.09835110103 6.22785002768 5.59869410028 7.95704820643 13.5099746893 13.1894048676 14.3989332819 19.4617858056 20.3247538047 22.5422494725 22.6660024003 31.2427745307 40.8010502826 41.5690074919 27.3863923125 42.0959745763 50.2434936948 56.8337636152 68.399749992 77.8010828661 77.5372793426 73.3349257562 113.023667028 
91 0 0 0 4.24577157464 7.67059690165 4.33596459475 4.98987043882 5.3625263472 6.49551225326 -0.87549279723 3.15464514309 0.775454548548 -0.184279206691 7.87538106668 2.46724107242 0.216736946694 -0.0226458676418 -0.141605851508 0.0 0.0 0.0 0.0 0.0 0.0 0.0 0.0 
91 0 0 1 12.0916117003 23.9121989843 39.0903916185 68.0222790405 104.887522195 152.305165223 125.589612289 95.0466126746 121.261773634 133.556650489 169.711835607 151.941266914 123.028762428 56.3531421782 17.6299556803 0.0 0.0 0.0 0.0 0.0 0.0 0.0 0.0 
92 0 0 0 5.45241018974 3.71263185315 3.45373587198 3.56657050733 6.31428293308 1.71797202359 -0.735671406574 -0.0822354836295 -0.44658504505 0.0 0.0 0.0 0.0 0.0 0.0 0.0 0.0 0.0 0.0 0.0 0.0 0.0 0.0 
92 0 0 1 8.78414912289 21.227330172 31.8935676827 61.3798133757 183.836855905 151.1270429 91.0831967205 51.628247924 25.8710681273 0.0 0.0 0.0 0.0 0.0 0.0 0.0 0.0 0.0 0.0 0.0 0.0 0.0 0.0 
93 0 0 0 9.51849122926 9.09127648279 13.3793138509 12.016494382 8.40038597981 9.37391672016 2.72101646146 4.66282861558 0.346983817143 4.77062992877 -0.281371571119 4.18631296034 12.4927076097 8.57056888956 5.26451696289 -0.685320916967 7.0004247471 13.0673486502 3.74215355067 2.31096787683 8.17265673387 6.99892458855 3.31097938534 
93 0 0 1 4.79885335178 21.2333823356 36.0800351605 82.9898638556 142.582743946 125.787185845 115.401772331 93.4634214556 64.6883762581 49.0855062047 33.5947178813 31.2554255346 72.1902970279 98.6339170422 93.1304089987 81.4893297631 51.8730730129 83.4521451353 100.554049922 94.0002392341 70.1850410799 89.3221717844 114.868627962 
94 0 0 0 10.9250540891 19.5256936328 54.0179003654 9.45188852669 4.52099164561 -0.0184596721444 -0.0466386101323 -0.0690466991079 -0.362264764229 -11.9288654961 0.0 0.0 0.0 0.0 0.0 0.0 0.0 0.0 0.0 0.0 0.0 0.0 0.0 
94 0 0 1 6.50912177583 20.2253961059 65.5664562566 194.76842095 162.110110724 99.411649184 67.8003428384 42.0731315501 23.4657594557 -6.39547859381 0.0 0.0 0.0 0.0 0.0 0.0 0.0 0.0 0.0 0.0 0.0 0.0 0.0 
95 0 1 0 7.6273448233 0.264760157771 -0.417840007307 0.0731139569797 -0.852014171325 0.206074214268 0.813281457401 1.62832702763 0.813056015582 1.44493265585 -0.0394152872519 1.94903320625 1.86428299135 -0.967529979389 1.3015722718 0.506992562251 3.17291604874 0.022694009618 2.24447018528 2.53643831403 -1.39139652833 1.48536400849 1.76529363074 
95 0 1 1 5.32802560677 5.60950952383 5.05044912892 4.98379193925 3.88203905771 6.56811451482 5.75609063692 8.6463378799 12.3501071829 15.3198172472 16.7725326182 17.5920239049 15.6451715149 14.9276623111 19.1193003461 14.5998430804 14.3352790118 5.86191884524 5.88074359974 7.27532031573 14.3023264757 15.0410412168 15.0498652203 
96 0 0 0 10.1608312823 22.7603017392 25.0418606189 19.9079802283 4.70075720079 1.71178571238 2.5583164716 3.60757464315 2.54999121434 -0.0958291732482 -0.156279643826 -0.772071937412 -11.2732829791 0.0 0.0 0.0 0.0 0.0 0.0 0.0 0.0 0.0 0.0 
96 0 0 1 6.02106622774 14.7962887781 26.5459231847 58.3680648299 66.984393747 59.2160570497 57.2794771269 52.3458597374 43.3419403833 32.8298254862 21.4498485247 11.7516643867 -2.04243948921 0.0 0.0 0.0 0.0 0.0 0.0 0.0 0.0 0.0 0.0 
97 0 0 0 9.43653054561 12.3266209968 13.4579379636 9.43779283625 12.977456993 0.483212384909 2.17957561735 -0.187286401757 -0.194699222709 -0.334439942134 -0.799249136933 0.0 0.0 0.0 0.0 0.0 0.0 0.0 0.0 0.0 0.0 0.0 0.0 
97 0 0 1 5.67472425735 10.0865470702 24.0405836966 58.3921746609 77.2599945801 55.4067153213 38.6446013687 29.7227679945 15.6658861229 6.31331908817 2.66246393162 0.0 0.0 0.0 0.0 0.0 0.0 0.0 0.0 0.0 0.0 0.0 0.0 
98 0 0 0 6.10879413263 16.3959433678 41.2897049892 17.1466899339 -12.9082371742 1.02078488658 0.0690335884826 1.40333680922 -0.0595447760066 -0.645568475327 0.0 0.0 0.0 0.0 0.0 0.0 0.0 0.0 0.0 0.0 0.0 0.0 0.0 
98 0 0 1 7.39635354352 14.8192693072 58.2191079599 156.288217407 157.669128087 114.09166607 70.3046668962 47.6985491406 35.1989344053 17.4399978288 0.0 0.0 0.0 0.0 0.0 0.0 0.0 0.0 0.0 0.0 0.0 0.0 0.0 
99 0 1 0 8.36054640981 6.00925922309 4.90114564453 4.76762016621 12.6967149555 7.65565020056 8.02290036723 13.9484599546 16.8764034937 13.6184998695 18.747161016 9.20111945401 17.3122208393 14.1783386273 16.9087542363 27.5250787018 39.0411595531 43.244015344 42.4028432046 41.5577892251 76.7152573212 83.8237728466 81.9012555055 
99 0 1 1 5.81896812297 8.76152274926 7.47300314968 11.518535285 22.9287318705 21.83142954 26.3681519892 30.5601907293 26.537317643 27.5581985254 34.8854014951 19.2999063833 21.0219105049 22.8979857977 38.3189570882 47.3408707576 62.9495833877 74.3320696121 79.1365666236 72.12819599 126.439228438 137.498552174 143.61658052 
