1.0 6.19665360262 2.16039985246 20.9572040941 0.309785102429 10.0 5.0 
1.0 9.56210321684 7.37894123512 8.22690260444 4.05223198752 10.0 5.0 
1.0 8.09849140786 1.10009188297 11.6961414917 0.34964418258 10.0 5.0 
1.0 9.79702122498 1.68399777968 16.4884345844 0.685085402042 10.0 5.0 
1.0 8.37416738034 2.45668779359 22.4238580138 0.476492878023 10.0 5.0 
1.0 9.3127950457 4.51235789232 17.1595183826 1.50040907526 10.0 5.0 
1.0 9.03367700133 0.956793347286 20.0771579696 0.290775844894 10.0 5.0 
1.0 8.91890722947 3.85223132083 9.6434387185 1.90055743405 10.0 5.0 
1.0 9.9575800101 0.998098962435 22.7936004813 0.351832098531 10.0 5.0 
1.0 6.32932612018 6.07091386205 5.93552885803 3.22744039846 10.0 5.0 
1.0 7.02709417884 1.43036111556 8.83423297857 0.494286767024 10.0 5.0 
1.0 9.79038575825 1.99939668516 9.70686985779 1.03090395524 10.0 5.0 
1.0 5.16421418685 3.1992454956 9.52950730924 1.11379387475 10.0 5.0 
1.0 7.05939738167 1.38918541573 22.3860791036 0.193287370764 10.0 5.0 
1.0 7.60246368097 3.40668836889 17.0169647733 0.756021080591 10.0 5.0 
1.0 7.85251144253 2.23705995737 17.4564291449 0.66983999644 10.0 5.0 
1.0 8.41459749191 1.60707684304 23.1734343104 0.359460295699 10.0 5.0 
1.0 9.2067922573 0.765163660801 8.7981814329 0.186815334584 10.0 5.0 
1.0 8.75191120972 1.69557763813 20.2477830968 0.316740145518 10.0 5.0 
1.0 7.99211797726 0.89315306926 10.543457926 0.381317013038 10.0 5.0 
1.0 5.95607473009 4.15963455574 19.853997296 1.13749645661 10.0 5.0 
1.0 9.46782800389 3.87578567921 0.120716309038 3.96387168954 10.0 5.0 
