1.0 31.0566916385 5.29142094277 6.72899726725 5.13578121266 1.0 10.0 5.0 0.0 
1.0 9.22199328235 7.85335147817 42.698764632 4.94236837382 1.0 10.0 5.0 0.0 
1.0 21.4061163799 0.965309156606 6.35799858506 5.96745308979 1.0 10.0 5.0 0.0 
1.0 11.3006000302 1.0694568431 11.0153103535 3.49826285003 1.0 10.0 5.0 0.0 
1.0 23.3893742291 2.01743226265 32.0203362607 4.83069835552 1.0 10.0 5.0 0.0 
1.0 25.2618360009 3.86892651119 39.6818727221 5.80004178878 1.0 10.0 5.0 0.0 
1.0 44.4760031973 3.41613652671 28.3572063814 4.27545963296 1.0 10.0 5.0 0.0 
1.0 21.8373631513 7.76559184997 26.7802086749 9.53742226945 1.0 10.0 5.0 0.0 
1.0 33.6657866573 8.97711921809 2.30450493148 5.08590877355 1.0 10.0 5.0 0.0 
1.0 21.5886663098 3.47551923115 49.8906390881 3.47132211762 1.0 10.0 5.0 0.0 
1.0 12.0700388952 5.5164427532 1.26042011154 2.8163882303 1.0 10.0 5.0 0.0 
1.0 43.2313311865 3.75899411101 42.842761901 7.39278016194 1.0 10.0 5.0 0.0 
1.0 26.4826423504 1.57111478529 40.0140182797 8.27438165114 1.0 10.0 5.0 0.0 
1.0 20.7405510629 9.94904778946 6.13155733794 0.0623780511617 1.0 10.0 5.0 0.0 
1.0 7.05121463443 4.79762866806 45.8244812405 3.92817303998 1.0 10.0 5.0 0.0 
1.0 15.0207439437 9.00354316974 35.0515576009 1.12325222605 1.0 10.0 5.0 0.0 
1.0 43.7873756765 1.61263939481 43.1164383357 5.09636095381 1.0 10.0 5.0 0.0 
1.0 16.1798236537 8.90034145519 4.22914752524 4.20963968337 1.0 10.0 5.0 0.0 
1.0 3.06003710388 6.88108568646 1.62336971423 8.83310086133 1.0 10.0 5.0 0.0 
1.0 24.7705851125 8.74988998583 22.3265306931 1.77360891454 1.0 10.0 5.0 0.0 
1.0 8.06907606035 4.17957477061 42.9596872357 1.5889662758 1.0 10.0 5.0 0.0 
1.0 18.3178992769 5.23267515306 28.6456707305 2.69115383035 1.0 10.0 5.0 0.0 
1.0 12.3120162304 9.19025241908 44.6913992486 6.18361441669 1.0 10.0 5.0 0.0 
1.0 10.7353437839 1.43369775479 43.6461902355 2.07298666185 1.0 10.0 5.0 0.0 
1.0 41.9116871869 4.71738197744 34.449040269 5.48580419551 1.0 10.0 5.0 0.0 
1.0 40.0196865561 2.80711310576 17.2769687771 6.23050804584 1.0 10.0 5.0 0.0 
1.0 33.7958598097 0.283734155567 29.8050289343 7.0080670011 1.0 10.0 5.0 0.0 
1.0 2.10193864612 6.63267126264 14.2235338544 7.58820234779 1.0 10.0 5.0 0.0 
1.0 22.2093506478 6.74476271708 48.2972264774 0.512933267121 1.0 10.0 5.0 0.0 
1.0 24.0027071329 3.58243105533 9.07280760346 9.99327616333 1.0 10.0 5.0 0.0 
1.0 6.44147229862 5.18170205351 40.79409913 3.14524909585 1.0 10.0 5.0 0.0 
1.0 44.1935089104 6.6898960865 25.6177929741 5.85264835601 1.0 10.0 5.0 0.0 
1.0 26.8123532394 9.54863023426 17.4274752125 6.71916103295 1.0 10.0 5.0 0.0 
1.0 33.727675046 1.23305147584 13.1046840121 0.453924234988 1.0 10.0 5.0 0.0 
1.0 13.9540618176 6.29823221062 23.1890720496 6.21755059201 1.0 10.0 5.0 0.0 
1.0 0.0704183825459 9.38631999683 13.5846646357 7.2462640558 1.0 10.0 5.0 0.0 
1.0 13.0628289589 3.1248268796 8.10339217139 9.49954735135 1.0 10.0 5.0 0.0 
1.0 41.8583599396 7.84086605171 18.5790833047 5.75643617764 1.0 10.0 5.0 0.0 
1.0 0.623692902221 8.42127134062 42.0859862227 4.98658605625 1.0 10.0 5.0 0.0 
1.0 12.8342066098 5.19680084271 4.49837569953 5.53026546232 1.0 10.0 5.0 0.0 
1.0 45.80857457 9.76082649016 33.1208408007 1.20470899998 1.0 10.0 5.0 0.0 
1.0 3.06074184504 7.73330107743 2.87113937945 0.0831753034539 1.0 10.0 5.0 0.0 
1.0 5.40072839771 5.83516381872 22.3688165822 8.78949505282 1.0 10.0 5.0 0.0 
1.0 14.8324937532 4.80409134584 7.82536641166 9.56457586745 1.0 10.0 5.0 0.0 
1.0 36.7562495814 4.57772149558 37.2814589439 1.84415462586 1.0 10.0 5.0 0.0 
1.0 33.4692171768 6.2620573235 17.8415726385 5.52206592201 1.0 10.0 5.0 0.0 
1.0 16.2761723537 3.12637709517 29.1978940583 0.311422205833 1.0 10.0 5.0 0.0 
1.0 27.8675292735 7.6973417723 10.9955631755 4.43343033053 1.0 10.0 5.0 0.0 
1.0 48.0544286359 1.96863904849 22.0922085207 6.72522937061 1.0 10.0 5.0 0.0 
1.0 31.3464815322 5.66512849207 29.5359423854 6.15118148265 1.0 10.0 5.0 0.0 
