0.0218020360543
0.00711148909292
0.0105617694314
0.0127389498737
0.0176994330872
0.0109487940089
0.0078525853392
0.00772257838923
0.00922167423802
0.00964692664582
0.0210400067916
0.0105338508999
0.0141002161226
0.0305846329091
0.00878755551731
0.00823731106815
0.0104865116977
0.0123056638831
0.00745115018057
0.0124448640644
0.00783897094403
0.00800667947594
0.00752087695672
0.0111710543607
0.0185805960889
0.0069548561403
0.0105846516556
0.0312593951819
0.0140987424357
0.0121133934573
0.0182320823445
0.0189489224405
0.00750686903267
0.0197457107996
0.0195551068879
0.0145079661893
0.0072111911097
0.0165855236634
0.0104379283958
0.0152455623114
0.00741966911924
0.0101345457255
0.00927827268422
0.00810591752864
0.0152156188152
0.00945618352128
0.0101331231993
0.0182705719332
0.00860844491074
0.0195553422014
0.00864224243603
0.0120616361758
0.0121954052562
0.0123568256595
0.0099625408703
0.00787244208265
0.0161441608478
0.0136191245846
0.0145588264558
0.0107573345944
0.0119055894832
0.0107803966883
0.0121064450838
0.0163643359355
0.00786110633931
