1.0 3.19186708204 2.58096941698 6.58227768272 0.123213237173 1.0 10.0 5.0 0.0 
1.0 17.299268017 4.31134436202 25.693381826 2.17015375005 1.0 10.0 5.0 0.0 
1.0 11.5995756634 7.11654858048 20.6869719265 0.315437645687 1.0 10.0 5.0 0.0 
1.0 3.24724723985 1.2077599051 28.1636492827 4.21049695279 1.0 10.0 5.0 0.0 
1.0 39.3285342301 8.68209131867 25.6044186312 0.728254914417 1.0 10.0 5.0 0.0 
1.0 7.29250899112 6.73630866001 23.7164355445 0.298768024715 1.0 10.0 5.0 0.0 
1.0 17.8461773932 4.39908750343 32.575721084 1.41877649242 1.0 10.0 5.0 0.0 
1.0 13.7594430402 3.51504575971 27.6934353515 2.59578380027 1.0 10.0 5.0 0.0 
1.0 21.4240491935 3.53577077295 17.7158554004 1.12838739593 1.0 10.0 5.0 0.0 
1.0 10.7074546392 2.68675124661 30.6521143364 3.67408658454 1.0 10.0 5.0 0.0 
1.0 43.2801873848 3.54923474111 6.43155390447 0.345823699004 1.0 10.0 5.0 0.0 
1.0 18.2915975891 7.88216123025 23.652788967 1.21038702183 1.0 10.0 5.0 0.0 
1.0 30.694551943 2.03521042527 10.8727021872 3.46477393115 1.0 10.0 5.0 0.0 
1.0 2.38562626164 0.827723210534 43.6246958042 2.19789134853 1.0 10.0 5.0 0.0 
1.0 12.9611750511 4.66355806298 32.0123299342 1.05553530772 1.0 10.0 5.0 0.0 
1.0 22.5259332914 4.56518745654 17.5946594728 1.3495006121 1.0 10.0 5.0 0.0 
1.0 22.2283356052 4.26168546192 13.1423055371 0.476042719979 1.0 10.0 5.0 0.0 
1.0 8.04637939234 0.778602472159 24.7072824488 1.81343416938 1.0 10.0 5.0 0.0 
1.0 23.6802209003 6.33666465074 29.3443185389 1.5029949076 1.0 10.0 5.0 0.0 
1.0 5.0872143925 1.18916187769 29.3081039864 2.90697227713 1.0 10.0 5.0 0.0 
1.0 20.9362161301 6.03824955335 21.0346933879 0.591159211412 1.0 10.0 5.0 0.0 
1.0 15.9368826578 3.4746251164 24.7734625471 1.8966823601 1.0 10.0 5.0 0.0 
1.0 19.4039513014 5.2300116441 32.2634394332 2.09441535433 1.0 10.0 5.0 0.0 
1.0 7.75459111548 1.12703910309 24.8877179291 2.95554811799 1.0 10.0 5.0 0.0 
1.0 5.14762688603 1.37251938818 17.1822750998 0.719511042679 1.0 10.0 5.0 0.0 
1.0 27.0544780144 4.37531715942 20.5013245589 2.52493027137 1.0 10.0 5.0 0.0 
1.0 18.0835926314 2.24273394407 20.0317820519 1.76188764315 1.0 10.0 5.0 0.0 
1.0 8.66029452448 9.92933922293 47.5845389482 0.434713737084 1.0 10.0 5.0 0.0 
1.0 16.2753359701 2.18881960294 9.37547017946 0.795175142366 1.0 10.0 5.0 0.0 
1.0 19.7396267912 0.712713669246 8.11175431286 4.07415854839 1.0 10.0 5.0 0.0 
1.0 47.5456200057 5.20950736819 17.9824186713 1.57713867151 1.0 10.0 5.0 0.0 
1.0 41.0900211299 4.22954998985 6.82816749152 0.474941641249 1.0 10.0 5.0 0.0 
1.0 24.6232850953 5.77489845055 29.1217049396 0.712676888768 1.0 10.0 5.0 0.0 
1.0 37.5477330678 2.27033450979 7.43230579043 2.48519908488 1.0 10.0 5.0 0.0 
1.0 13.1801912427 5.69060697859 48.7187339429 1.33705826848 1.0 10.0 5.0 0.0 
1.0 13.7961571393 2.44535098711 17.3325149296 0.463585699582 1.0 10.0 5.0 0.0 
1.0 19.3279361518 4.64235325807 20.6011535615 0.765521901329 1.0 10.0 5.0 0.0 
1.0 13.0410278347 7.28670315672 11.1865520683 0.0813781929799 1.0 10.0 5.0 0.0 
1.0 32.7725524982 4.45533680599 12.3418011533 1.00272773981 1.0 10.0 5.0 0.0 
1.0 7.45022562641 1.48868429555 20.8363540775 0.554282863702 1.0 10.0 5.0 0.0 
1.0 26.1331424922 5.69478204028 20.6979718672 0.824306179016 1.0 10.0 5.0 0.0 
1.0 13.4202690004 6.23606598731 20.029786436 0.475879508153 1.0 10.0 5.0 0.0 
1.0 17.171032557 5.97421125305 18.3293849863 1.07486043881 1.0 10.0 5.0 0.0 
1.0 16.4318060065 3.59547366349 21.9211454934 1.21686286831 1.0 10.0 5.0 0.0 
1.0 7.52489223663 2.67725771675 37.3456274668 1.95466075384 1.0 10.0 5.0 0.0 
1.0 8.81768554943 4.51937729144 31.5302496572 0.826605222762 1.0 10.0 5.0 0.0 
1.0 27.4496849689 3.79850657526 10.7711245422 1.24901797273 1.0 10.0 5.0 0.0 
1.0 2.46253634319 1.33582135214 36.7162545528 4.49217999755 1.0 10.0 5.0 0.0 
1.0 13.4128720453 4.62312116109 31.540042054 1.51051232411 1.0 10.0 5.0 0.0 
1.0 14.1492975856 7.75940754868 44.6084280569 0.59391132049 1.0 10.0 5.0 0.0 
1.0 12.1180664877 5.43167926311 32.1654331744 1.53938191394 1.0 10.0 5.0 0.0 
1.0 7.94886631617 7.41944294859 35.593026262 0.647215527365 1.0 10.0 5.0 0.0 
1.0 29.608601271 8.67717071194 20.976945632 0.572183373803 1.0 10.0 5.0 0.0 
1.0 5.22078216463 7.00460135476 35.4067540057 0.131528552854 1.0 10.0 5.0 0.0 
1.0 22.7285115 3.01090050164 14.8634461639 2.33470357904 1.0 10.0 5.0 0.0 
1.0 12.9042467719 4.31324921891 26.1887655745 0.850734924278 1.0 10.0 5.0 0.0 
1.0 9.41854198152 7.43639437372 43.3708528508 0.323041160257 1.0 10.0 5.0 0.0 
1.0 3.26754653304 7.25012111903 22.8214006216 0.0594417683146 1.0 10.0 5.0 0.0 
1.0 37.6453097803 7.36433628368 12.6668770182 0.185869676818 1.0 10.0 5.0 0.0 
1.0 30.8578240438 7.6048153311 21.9313583331 0.590430084373 1.0 10.0 5.0 0.0 
1.0 16.6373166249 3.00939416069 13.6018703928 0.671538221381 1.0 10.0 5.0 0.0 
1.0 17.5181400978 7.53731876616 37.1022694018 1.06597444666 1.0 10.0 5.0 0.0 
1.0 6.49928447272 4.83978907304 37.727111396 1.14742706261 1.0 10.0 5.0 0.0 
1.0 7.42201242385 7.19354776788 15.353155059 0.268353390753 1.0 10.0 5.0 0.0 
1.0 20.1977452516 5.65174010562 32.0372756107 1.29930916091 1.0 10.0 5.0 0.0 
